"p_val"	"avg_logFC"	"pct.1"	"pct.2"	"p_val_adj"
"RPL41"	0	1.44372579004778	0.968	0.885	0
"EEF1A1"	1.30411170144437e-267	1.48674367674006	0.925	0.771	2.14174264728209e-263
"RPL39"	5.08647118309656e-250	1.32477357453429	0.93	0.856	8.35351162399949e-246
"H3F3A"	9.10665057431256e-230	1.74461607658383	0.795	0.272	1.49558522381935e-225
"NCF1"	1.14768028060094e-92	1.24597782495756	0.651	0.375	1.88483532483092e-88
"HLA-DRB5"	3.41832377283457e-92	1.08467687013316	0.543	0.171	5.61391313212621e-88
"CCL4"	2.05232164429633e-88	2.12401136476448	0.324	0.021	3.37052783642786e-84
"B2M"	1.38053322695614e-83	0.370522660258632	0.997	1	2.26724971863007e-79
"XIST"	1.49938678235686e-75	0.977523939352276	0.306	0.028	2.46244291266468e-71
"AC090498.1"	1.21888976371766e-69	1.23968360844939	0.304	0.039	2.00178265895351e-65
"CCL3L3"	4.49834813712632e-68	1.78845693611576	0.31	0.049	7.38763714560256e-64
"VAMP5"	1.62819168846581e-67	0.988926441487647	0.685	0.534	2.6739792099674e-63
"CCL3"	2.28103607055327e-66	2.05266952957852	0.514	0.268	3.74614553866964e-62
"GNLY"	1.18969425246882e-56	1.97745358180385	0.274	0.044	1.95383487082954e-52
"ISG15"	2.41003948655638e-56	0.935496248561384	0.595	0.399	3.95800784877155e-52
"HMGN2"	4.9625886854442e-53	0.914231882596697	0.44	0.206	8.15005939810501e-49
"SH3BGRL3"	2.31637690652849e-51	0.340744878930217	0.948	0.99	3.80418579359174e-47
"TNNT1"	1.71855665263761e-50	0.884226111313846	0.309	0.079	2.82238559062675e-46
"IFI6"	1.86694795281425e-45	0.863299886137479	0.515	0.322	3.06608862290684e-41
"IFI44L"	5.98318278403002e-43	0.772633409472508	0.267	0.067	9.82618108621249e-39
"CLU"	2.53734197481681e-41	0.697607947199773	0.154	0.005	4.16707672524164e-37
"NFKBIA"	3.16317862517921e-41	1.28545948799428	0.677	0.661	5.19488825613182e-37
"S100A8"	2.17878525889095e-40	0.894878322614459	0.858	0.896	3.5782190306766e-36
"RP11-160E2.6"	7.30948637798731e-39	0.982910591920359	0.357	0.163	1.20043694785686e-34
"MT2A"	1.57523121522484e-38	0.786934855816189	0.679	0.633	2.58700222476375e-34
"IFITM3"	6.1804408261038e-37	0.626613144703979	0.725	0.642	1.01501379687103e-32
"CD63"	2.22374888925001e-36	0.665239040699363	0.643	0.558	3.65206280081529e-32
"IER3"	8.90230054185132e-36	0.889670092918777	0.288	0.107	1.46202481798824e-31
"CH17-373J23.1"	2.84793637112444e-35	0.804577045572513	0.566	0.388	4.67716590229766e-31
"H3F3B"	6.97568413992956e-34	0.353661079985666	0.926	0.964	1.14561660630063e-29
"LY6E"	1.17422709848273e-33	0.582174911760486	0.668	0.609	1.92843316383818e-29
"LYZ"	1.61448780888945e-33	0.316155594940901	0.898	0.966	2.65147332853914e-29
"NAIP"	1.93101675804828e-33	0.58672175203959	0.16	0.02	3.1713088217427e-29
"PFN1"	1.96068872666333e-32	0.273545593462313	0.93	0.975	3.22003909579919e-28
"CCL4L2"	1.40513110682627e-31	1.13175425782429	0.139	0.014	2.30764681674079e-27
"CXCL8"	3.31089880511681e-31	1.04240627612553	0.282	0.113	5.43748910764334e-27
"SERF2"	1.47395681157788e-30	0.26802975475949	0.944	0.981	2.42067927165435e-26
"PSME2"	4.58936825202542e-30	0.4785521344521	0.771	0.789	7.53711948030135e-26
"S100A12"	6.99560532454153e-29	0.844477056560393	0.646	0.546	1.14888826244946e-24
"TNF"	1.29521953052515e-28	0.801982350396753	0.203	0.059	2.12713903498146e-24
"RPL36A"	7.31634321762007e-27	0.560392578896178	0.706	0.711	1.20156304662974e-22
"CDC26"	1.67386010453965e-26	0.405443263255987	0.112	0.009	2.74898044968546e-22
"CES1"	3.53770436528904e-26	0.596126201886612	0.121	0.014	5.80997187911419e-22
"ZFP36"	3.91600952942994e-26	0.661573377469503	0.57	0.486	6.43126245018279e-22
"PGAM1"	1.1081576909225e-24	0.678816552838956	0.3	0.157	1.81992737580203e-20
"FCGR1A"	1.47448993798271e-24	0.688835155193654	0.337	0.191	2.421554825149e-20
"GABARAP"	1.54551747855483e-24	0.752815086882503	0.303	0.16	2.5382033550306e-20
"S100A9"	7.62157194751963e-24	0.550905201445917	0.873	0.96	1.25169076094115e-19
"PSMB9"	2.57235146175988e-23	0.456733430291276	0.709	0.725	4.22457280564826e-19
"VCAN"	5.31813026161719e-23	0.618511760122001	0.621	0.559	8.73396532865391e-19
"MNDA"	2.03803883289208e-22	0.445714615994432	0.803	0.882	3.34707117525867e-18
"IFIT1"	2.51860543015946e-22	0.398135195048733	0.112	0.016	4.13630569795088e-18
"SRGN"	3.30100992663598e-22	0.351733979837187	0.839	0.909	5.42124860251427e-18
"NBEAL1"	4.86384976701221e-22	0.732054700616593	0.317	0.184	7.98790047236415e-18
"S100A11"	6.59506085514381e-22	0.294412205159613	0.877	0.937	1.08310684424027e-17
"CALM2"	3.23597645614764e-21	0.381569577347543	0.76	0.806	5.31444413393127e-17
"CD14"	5.07610460857927e-21	0.533990087079514	0.618	0.556	8.33648659866973e-17
"EPSTI1"	3.2715631302488e-20	0.623071878947185	0.321	0.194	5.3728881288076e-16
"TMA7"	5.88750522546247e-20	0.475640646361142	0.711	0.726	9.66904983177702e-16
"DYNLT1"	6.5430728337117e-20	0.585360594930817	0.417	0.306	1.07456885148047e-15
"PSMC1"	5.18306118550961e-19	0.404609868584374	0.127	0.032	8.51214138496243e-15
"RNASE2"	1.09270669835691e-18	0.575567674641175	0.235	0.113	1.79455221071156e-14
"GZMB"	1.13859413906389e-18	0.928091897306929	0.115	0.026	1.86991315458462e-14
"ATP5EP2"	1.50793726115546e-18	0.655116214946692	0.217	0.103	2.47648536399562e-14
"DUSP1"	2.29859017865408e-18	0.418178937592923	0.78	0.821	3.7749746504036e-14
"NDUFA13"	3.18746105410382e-18	0.604680926812162	0.49	0.421	5.2347672891547e-14
"TNFSF10"	7.45100141366147e-18	0.626766504660276	0.501	0.433	1.22367796216562e-13
"RPL22"	7.85991406264763e-18	0.367250520184675	0.703	0.762	1.29083368650862e-13
"GBP1"	3.32193836590576e-17	0.620068175676235	0.357	0.252	5.45561937832704e-13
"IL1B"	6.53199767962996e-17	0.806157354252651	0.213	0.106	1.07274997892563e-12
"IL32"	2.0155370346377e-16	1.06405619699664	0.19	0.084	3.31011647198549e-12
"GIMAP4"	5.77830578551764e-16	0.507966237014033	0.434	0.346	9.48971159155561e-12
"TRAC"	6.55377305509383e-15	0.806184989494538	0.117	0.036	1.07632614883806e-10
"GZMA"	8.55842479938097e-15	0.888688794639581	0.129	0.044	1.40555010480234e-10
"GTF2I"	1.08991716096504e-14	0.410009756729266	0.108	0.031	1.78997095345288e-10
"SERPING1"	1.91999778998845e-14	0.354505617634093	0.101	0.027	3.15321237049803e-10
"IFI44"	2.56169515596632e-14	0.457643831091165	0.169	0.075	4.20707195464349e-10
"CLEC12A"	4.56158207407372e-14	0.538787932961625	0.471	0.409	7.49148624025128e-10
"CD3D"	1.76142039960472e-13	0.71317204036613	0.126	0.046	2.89278072227084e-09
"POMP"	1.81476920105252e-13	0.41500533170691	0.609	0.616	2.98039545888855e-09
"IFI16"	2.2197789535614e-13	0.499895364300201	0.451	0.388	3.64554297543388e-09
"GBP5"	2.86037632621151e-13	0.568801663126181	0.243	0.148	4.69759604053716e-09
"CST7"	3.23156606799853e-13	0.661635549941892	0.107	0.034	5.30720095347398e-09
"CTSW"	4.33754163904971e-13	0.736342470137645	0.116	0.041	7.12354463381133e-09
"GZMH"	8.57854175477831e-12	0.860516814296187	0.133	0.056	1.40885391238724e-07
"STAT1"	9.12800423502793e-12	0.467540132275895	0.408	0.333	1.49909213551864e-07
"ERAP2"	4.47546762541353e-11	0.366453332064814	0.154	0.076	7.35006048121664e-07
"FAM103A1"	4.63856950717832e-11	0.273568529995823	0.101	0.036	7.61792270163896e-07
"ITGB1"	5.1393396289393e-11	0.54113301385436	0.166	0.089	8.440337472607e-07
"HLA-DQB1"	6.23622856631786e-11	0.417514811013941	0.526	0.483	1.02417581744638e-06
"CCR1"	2.01364886472165e-10	0.376547419233004	0.156	0.079	3.30701553053237e-06
"PET100"	3.2039285631928e-10	0.542366125796063	0.381	0.323	5.26181187933154e-06
"CCL5"	3.90106591584805e-10	1.0489147665099	0.195	0.116	6.40672055359726e-06
"NKG7"	1.0871213449993e-09	1.02761751094128	0.307	0.234	1.78537938489234e-05
"PLAC8"	2.08201198226912e-09	0.454909247672296	0.544	0.543	3.41928827848057e-05
"NRG1"	2.63745814852398e-09	0.333621320920873	0.112	0.049	4.33149751732093e-05
"M6PR"	6.63687430527059e-09	0.410975237006868	0.209	0.136	0.000108997386715459
"FAM133B"	7.55201713536975e-09	0.495849449431485	0.209	0.139	0.000124026777414177
"BST2"	3.25974388148243e-08	0.422558104501722	0.533	0.558	0.000535347737655859
"IFI35"	4.98759156183769e-08	0.445779667550589	0.323	0.263	0.000819112162200603
"RPS29"	8.3787084798088e-08	0.261271462996146	0.929	0.979	0.001376035293639
"ISG20"	1.12387097760121e-07	0.426796301989198	0.176	0.111	0.00184573330651447
"UBE2L3"	1.54129802778224e-07	0.450833760706558	0.292	0.236	0.00253127375102678
"GLUL"	1.88783816631364e-07	0.442208763182619	0.375	0.332	0.00310039662053689
"APOBEC3A"	2.53350942439231e-07	0.468961628374534	0.327	0.266	0.0041607825276795
"FGL2"	2.61805462262706e-07	0.303726247911753	0.636	0.699	0.00429963110674042
"MYL12A"	2.83559752667874e-07	0.262709670105378	0.751	0.817	0.00465690181806449
"BCL2A1"	3.20723999102718e-07	0.468479079928438	0.359	0.312	0.00526725023726393
"SOD2"	4.92249194315844e-07	0.44778430523908	0.496	0.48	0.0080842085182491
"MS4A4A"	5.16538158906098e-07	0.376460213046053	0.149	0.094	0.00848310618371484
"UQCR11"	5.75764836259704e-07	0.296713522014844	0.679	0.74	0.00945578590589312
"FPR1"	6.96250176871064e-07	0.368638543488744	0.382	0.34	0.0114345166547535
"CARD16"	8.95054379909515e-07	0.303770494614837	0.657	0.731	0.014699478081254
"EGR1"	1.29760863093293e-06	0.464807793325105	0.132	0.078	0.0213106265458114
"SOCS3"	1.30645967265206e-06	0.460115078982246	0.164	0.11	0.0214559872039647
"PSMB3"	1.44870021722481e-06	0.303345725305636	0.592	0.641	0.023792003667483
"SAMD9"	1.66198994913738e-06	0.317418868484844	0.157	0.101	0.0272948609346832
"SDCBP"	2.86223223491319e-06	0.410347603422965	0.454	0.448	0.0470064399939793
"PLSCR1"	2.99566886421007e-06	0.383857827155657	0.291	0.241	0.049197869756922
"GBP2"	3.31260885993644e-06	0.400673610263058	0.353	0.315	0.0544029753067362
"RPS10"	4.51504253180187e-06	0.261276287077489	0.661	0.72	0.074150543499782
"SPCS2"	5.12749179049987e-06	0.395590894148266	0.274	0.227	0.0842087976753794
"CHMP5"	9.80762618664434e-06	0.359039965466515	0.237	0.187	0.16107064486326
"RP11-347P5.1"	1.40228229811483e-05	0.388410810798106	0.116	0.071	0.230296821819399
"VSTM1"	1.54946466727108e-05	0.256777881952541	0.109	0.063	0.254468582305929
"ERH"	1.66147982679635e-05	0.363395217257594	0.425	0.415	0.272864831954764
"SLC2A3"	1.74966744624049e-05	0.455748688109163	0.254	0.204	0.287347884696076
"IFIT3"	3.05175695356651e-05	0.31943614384346	0.146	0.1	0.501190044484228
"ATP5I"	3.46270155530567e-05	0.346909816734128	0.561	0.613	0.568679476427851
"SELL"	5.3558144825455e-05	0.333451828471682	0.401	0.373	0.879585412468448
"IFIT2"	6.32007780610705e-05	0.418476294612852	0.206	0.16	1
"TNFAIP3"	8.41324071399167e-05	0.499773648438319	0.168	0.126	1
"EIF1AX"	8.42729480614759e-05	0.320311713388168	0.181	0.135	1
"NFKBIZ"	9.04214082063617e-05	0.461950452744052	0.414	0.42	1
"COX6A1"	0.000144109853678801	0.307087507514104	0.504	0.541	1
"MAP3K7CL"	0.000157334035486861	0.266382516327303	0.103	0.065	1
"PSMA2"	0.000193470797274874	0.371846888409035	0.333	0.315	1
"ARPC5"	0.000209751124986092	0.262015633095275	0.577	0.633	1
"FCGR1B"	0.000224977457354116	0.254588971544809	0.144	0.102	1
"PARP14"	0.000257285210516167	0.394852576209695	0.302	0.273	1
"TRIM22"	0.000303564125036861	0.349977542888758	0.215	0.177	1
"RPL17"	0.000468688200804943	0.402659315258198	0.349	0.339	1
"SAMD9L"	0.000503892933492817	0.290275136179266	0.184	0.147	1
"LAP3"	0.000589927560009579	0.339228585741109	0.39	0.383	1
"BLOC1S1"	0.000804114551655696	0.273636285993739	0.551	0.611	1
"AP1S2"	0.000870104595280744	0.271550067741148	0.609	0.698	1
"LITAF"	0.00114455143348749	0.375357117068902	0.262	0.238	1
"DTX3L"	0.0012649830088563	0.272621787079495	0.103	0.072	1
"XRN1"	0.00147001686719487	0.274672974743297	0.134	0.1	1
"APOL6"	0.00187184844993007	0.368736585725755	0.182	0.149	1
"IRF7"	0.00251252179641728	0.380941031084576	0.253	0.231	1
"GLIPR2"	0.00292667641377675	0.375760254724635	0.416	0.436	1
"TMEM59"	0.00450948400831911	0.283404757688494	0.456	0.498	1
"HMGB1"	0.00455493570836419	0.267492445592379	0.533	0.598	1
"RBX1"	0.0053718833513335	0.271286631920709	0.501	0.547	1
"TNFSF13B"	0.00613663537665191	0.273626685903992	0.534	0.599	1
"MX2"	0.00785569934335919	0.261857648247402	0.172	0.145	1
"RHEB"	0.00881710261434243	0.276180960221769	0.158	0.132	1
"RP11-386I14.4"	0.00889993551199438	0.47569093646971	0.311	0.299	1
"G0S2"	0.010444386680978	0.372334408924389	0.102	0.078	1
"MOB1A"	0.0107973930606972	0.327132335310714	0.37	0.38	1
"BANF1"	0.0137215897171677	0.321099513027317	0.28	0.27	1
"GCA"	0.0162783224783558	0.32450305792918	0.355	0.366	1
"MIR4435-2HG"	0.0180288298240231	0.294526264782698	0.134	0.11	1
"PSMA3"	0.0393359135241691	0.255227123222298	0.231	0.217	1
"C1orf56"	0.039521928534542	0.314214595501809	0.115	0.095	1
"NAGK"	0.0474826349671409	0.317260428738661	0.362	0.385	1
"PSMB8"	0.0501101016709989	0.251156861864014	0.485	0.552	1
"IFITM1"	0.052657575796406	0.311032762932045	0.118	0.1	1
"TRMT112"	0.0539071327853129	0.261973739016519	0.359	0.378	1
"STAT2"	0.0565260324956146	0.317673648532425	0.197	0.183	1
"NDUFA3"	0.069734642546606	0.263322512699886	0.44	0.488	1
"YWHAQ"	0.0700758707763845	0.270686760858244	0.19	0.178	1
"SRSF9"	0.0911042883268238	0.274022941419628	0.3	0.312	1
"HNRNPA3"	0.0984931123077408	0.288537316112171	0.32	0.332	1
"FOSL2"	0.107969030682238	0.282048396264668	0.125	0.113	1
"HMGB2"	0.119146612152427	0.277259781660851	0.432	0.477	1
"ANXA6"	0.122365796987632	0.264737462418206	0.134	0.121	1
"CD99"	0.133602438522935	0.253388591286657	0.331	0.337	1
"CTSA"	0.139475589827135	0.299582702398357	0.238	0.241	1
"CEBPB"	0.143074004805784	0.293868101639114	0.387	0.429	1
"NLRP3"	0.153338859179379	0.28920691227699	0.103	0.092	1
"BTN3A2"	0.182737770935708	0.25681968208808	0.132	0.123	1
"RNF181"	0.19790073739466	0.252058956350211	0.339	0.366	1
"CTSD"	0.234845625845329	0.275756785500654	0.559	0.65	1
"SNX10"	0.248553783671886	0.267591374025903	0.337	0.371	1
"ZFP36L1"	0.334896132788585	0.285482369340549	0.294	0.313	1
"GPBP1"	0.392321495907895	0.250168567528885	0.189	0.193	1
"NAMPT"	0.726389703896755	0.308612642254193	0.335	0.379	1
"SAMSN1"	0.867999271237996	0.252179950068905	0.144	0.159	1
"ROMO1"	0.98419515912236	0.251016061497284	0.267	0.303	1
"AES"	0.995961596647461	0.264839930968936	0.183	0.2	1
