"p_val"	"avg_logFC"	"pct.1"	"pct.2"	"p_val_adj"
"RP11-1143G9.4"	7.75329620822151e-280	-1.5912513888947	0.087	0.805	1.27332383627622e-275
"RPS4Y1"	3.28260023396353e-224	-1.26522732055584	0.052	0.659	5.39101436423831e-220
"MT-ND1"	2.54531277541583e-188	-0.834548512819405	0.754	0.991	4.18016717106542e-184
"TMEM176B"	1.28538316642564e-170	-1.16982707314271	0.04	0.514	2.11098477422082e-166
"RPS12"	1.715870892453e-168	-0.592671278559882	0.893	0.994	2.81797476667556e-164
"LGALS2"	1.57948341751661e-140	-1.13875869491023	0.281	0.733	2.59398561658753e-136
"RPL30"	2.25470352964469e-132	-0.53874144488377	0.838	0.984	3.70289960673547e-128
"MT-ND2"	2.14485668668568e-129	-0.610838508958043	0.858	0.991	3.5224981365439e-125
"RPS26"	2.75962059766321e-128	-0.650264571105984	0.574	0.939	4.53212490754229e-124
"RPS17"	1.24822690416117e-115	-0.520426680374517	0.828	0.976	2.04996304470389e-111
"TPT1"	2.2040425261311e-115	-0.493944081988998	0.924	0.991	3.61969904066511e-111
"RPS15A"	2.39955377140374e-113	-0.445110631928717	0.893	0.991	3.94078715877637e-109
"RPL12"	3.87263131614078e-108	-0.446298186421286	0.897	0.987	6.36002241049801e-104
"RPL28"	2.43816419798506e-105	-0.384007073869004	0.955	0.994	4.00419706235086e-101
"RPL37A"	3.42260091082672e-101	-0.477205185208746	0.875	0.983	5.62093747585072e-97
"JUN"	3.82873911557869e-101	-0.818889465040451	0.427	0.815	6.28793824951489e-97
"RPL32"	1.11841501039726e-96	-0.371641305885128	0.958	0.997	1.83677297157542e-92
"RPL13"	5.7548851613364e-96	-0.343908017098373	0.979	0.999	9.45124790046277e-92
"RPS7"	1.89381624905879e-94	-0.499768965315065	0.773	0.964	3.11021442582925e-90
"IFI30"	3.64242337869454e-93	-0.876858557322267	0.2	0.584	5.98195191483004e-89
"TMEM176A"	4.30281072509562e-92	-0.721645789235476	0.022	0.303	7.06650605382453e-88
"RPLP2"	1.36047725048615e-90	-0.373976703886023	0.954	0.998	2.23431178847341e-86
"RPS2"	9.50685599022905e-89	-0.353967153855216	0.956	0.998	1.56131095927532e-84
"NACA"	2.94339314048444e-88	-0.548617730016722	0.683	0.929	4.83393455461759e-84
"PSAP"	2.53337960619546e-83	-0.45747164179704	0.807	0.973	4.16056932725481e-79
"RPL6"	3.56870535229328e-83	-0.445642253171008	0.791	0.968	5.86088480007126e-79
"RPL11"	2.68884216068318e-80	-0.315551523405322	0.94	0.995	4.41588548048998e-76
"RPS18"	3.30935051972515e-80	-0.335192136319411	0.962	0.998	5.43494635854462e-76
"LTA4H"	1.27910425797835e-79	-0.669961627568015	0.284	0.66	2.10067292287785e-75
"RPL10"	9.21193668847062e-79	-0.320257825690353	0.969	0.996	1.51287636234753e-74
"RPS16"	1.33222736211567e-78	-0.381561956433354	0.87	0.988	2.18791699680257e-74
"RPLP1"	4.60770625524766e-78	-0.406207773412519	0.973	0.997	7.56723598299323e-74
"RPL27"	7.46324475541875e-77	-0.402202713643258	0.828	0.979	1.22568868618242e-72
"COTL1"	2.52989157750678e-75	-0.488967992881296	0.732	0.943	4.15484093773938e-71
"RPL37"	9.98547161263137e-75	-0.404813776172892	0.832	0.986	1.63991400294245e-70
"RPS6"	3.11047026296311e-72	-0.332006455904687	0.906	0.987	5.10832531286431e-68
"MT-ND5"	3.44385959757412e-72	-0.497509868801582	0.679	0.946	5.65585061709598e-68
"RPL35A"	6.0929404441449e-72	-0.354761046441275	0.909	0.989	1.00064360914192e-67
"UBA52"	1.37308852752051e-71	-0.359868162841114	0.879	0.986	2.25502328874693e-67
"RPL24"	2.43118847515105e-70	-0.44613743760502	0.733	0.945	3.99274083274056e-66
"RPS20"	4.55626668714219e-70	-0.38640983311244	0.816	0.974	7.48275678029362e-66
"RPL19"	1.47656700495157e-69	-0.329564960315166	0.927	0.993	2.42496599223197e-65
"RPL14"	2.17057170238686e-69	-0.391391753109086	0.769	0.957	3.56472990682994e-65
"RPS27A"	3.27497981773602e-69	-0.31758923915591	0.928	0.997	5.37849935466787e-65
"CD52"	6.43859552210131e-69	-0.474558019238335	0.683	0.919	1.0574105425947e-64
"HLA-B"	9.60678956752821e-69	-0.332874925106096	0.93	0.996	1.57772305067516e-64
"RPL10A"	3.05598716636673e-68	-0.400830690124866	0.769	0.956	5.01884772332408e-64
"MAFB"	2.00795561064561e-67	-0.665476312701372	0.191	0.516	3.29766549936329e-63
"RPL8"	2.80729607115324e-66	-0.317239845649055	0.905	0.985	4.61042233765497e-62
"RPL7A"	5.85814682284742e-64	-0.413408458093947	0.728	0.934	9.62083452716231e-60
"FAU"	1.39320411285963e-62	-0.326169390378119	0.885	0.986	2.28805911454938e-58
"SNHG8"	2.77970400466798e-62	-0.513906811312204	0.11	0.396	4.56510788686623e-58
"VASP"	2.58299978954993e-61	-0.5893629288141	0.23	0.551	4.24206055437784e-57
"PABPC1"	4.59777887899509e-61	-0.42955001592114	0.638	0.898	7.55093225297364e-57
"ZFAS1"	4.75552977872358e-61	-0.53249821118997	0.333	0.684	7.81000655559773e-57
"RP5-1171I10.5"	9.55687950821139e-60	-0.521309601325531	0.211	0.54	1.56952632163356e-55
"GNB2L1"	1.13052481945773e-59	-0.37701490238809	0.757	0.951	1.85666091099543e-55
"RNU12"	1.80106993290946e-59	-0.696370787835674	0.164	0.464	2.95789715081721e-55
"RPL29"	8.24773201613058e-59	-0.357243833248705	0.841	0.975	1.35452502900912e-54
"RPS24"	3.28171540889156e-58	-0.324010016464469	0.934	0.991	5.38956121602261e-54
"SOX4"	1.48415186661117e-57	-0.722712397311115	0.074	0.32	2.43742261053553e-53
"BTG1"	2.7062810581945e-57	-0.490958075892878	0.508	0.817	4.44452538187283e-53
"EIF1AY"	6.54226520967595e-57	-0.475930500494451	0.007	0.176	1.07443621538508e-52
"CSTA"	8.79210071122281e-55	-0.475223447878935	0.624	0.904	1.44392669980412e-50
"PLP2"	1.75373831276408e-53	-0.492888443274227	0.172	0.468	2.88016443105245e-49
"EEF2"	2.37979812076944e-53	-0.450065458552949	0.463	0.76	3.90834245373965e-49
"RPL23"	3.55895527843791e-53	-0.355625507691918	0.751	0.942	5.84487225377858e-49
"NAP1L1"	4.33321475506954e-52	-0.53669975201015	0.364	0.67	7.11643859225071e-48
"RPS23"	2.35905596191947e-51	-0.285904023699316	0.897	0.986	3.87427760626035e-47
"RPS11"	4.63711409493221e-51	-0.326204561793129	0.828	0.968	7.61553247810716e-47
"CD44"	1.17623643022005e-50	-0.409444379403502	0.381	0.723	1.93173308935039e-46
"STXBP2"	3.16251837295096e-48	-0.447265147112299	0.416	0.723	5.19380392389736e-44
"GPX4"	1.35492467538436e-47	-0.441116528418819	0.402	0.709	2.22519279438374e-43
"ARPC3"	2.25362097078491e-47	-0.376233176052695	0.674	0.906	3.70112172032006e-43
"ACTG1"	8.15477710458598e-47	-0.334989486782717	0.679	0.914	1.33925904388616e-42
"EIF1"	1.142110168752e-46	-0.280250372024339	0.898	0.985	1.87568753014141e-42
"RPL9"	7.80311645575515e-46	-0.311529529703286	0.853	0.974	1.28150581552867e-41
"RPS8"	9.81732245197916e-46	-0.285172619528915	0.889	0.983	1.61229886628854e-41
"KLF4"	1.32084172602807e-45	-0.455451972479447	0.164	0.429	2.1692183666559e-41
"TSPYL2"	2.97107848512395e-45	-0.385180004256452	0.01	0.153	4.87940219611907e-41
"FAM46A"	4.63966012407153e-45	-0.435320433661648	0.085	0.301	7.61971382176267e-41
"EEF1B2"	6.20567031213164e-45	-0.373525730107795	0.398	0.692	1.01915723536138e-40
"SLC2A6"	1.09269010104552e-44	-0.450803610197711	0.066	0.263	1.79452495294705e-40
"CIRBP"	1.01565635169498e-43	-0.40184751985479	0.302	0.607	1.66801242638866e-39
"TOMM7"	1.4467129881729e-43	-0.351498508813397	0.478	0.793	2.37593674047635e-39
"DDX3Y"	9.96091170578897e-43	-0.403454046510088	0.01	0.147	1.63588052944172e-38
"RPL5"	4.21423577708793e-42	-0.341044965780665	0.655	0.886	6.92103941671151e-38
"LSP1"	5.97131026070812e-41	-0.316754586795581	0.433	0.737	9.80668284116095e-37
"TKT"	3.42499219089579e-40	-0.369263856363304	0.48	0.764	5.62486467510816e-36
"RPS13"	8.66719511680035e-40	-0.272360688489925	0.916	0.985	1.42341345403212e-35
"RNH1"	1.25469009048625e-39	-0.371175716286541	0.294	0.579	2.06057753560557e-35
"LGALS3"	5.77298797226042e-39	-0.363406964035704	0.342	0.627	9.48097814684329e-35
"RPL38"	1.47318698478152e-38	-0.273099489618031	0.807	0.975	2.41941498510669e-34
"MT-ND3"	1.61917407355653e-38	-0.271157754833284	0.905	0.993	2.65916958100188e-34
"RGS19"	2.68175923159027e-38	-0.364191334790374	0.195	0.45	4.40425318604071e-34
"VIM"	3.27304169463321e-38	-0.331950299568144	0.733	0.928	5.37531637509612e-34
"FUS"	4.8218035183313e-38	-0.331054816533166	0.262	0.535	7.91884791815549e-34
"TSC22D3"	2.36104734371766e-37	-0.332356263937428	0.241	0.507	3.87754805258752e-33
"RPL18"	1.5724174850085e-36	-0.25747626756918	0.857	0.977	2.58238123562946e-32
"GNAS"	2.80131507068168e-36	-0.294936094151084	0.178	0.422	4.60059974058053e-32
"HLA-DPA1"	2.0576606597235e-35	-0.361312490864208	0.617	0.842	3.37929610146391e-31
"CD4"	3.25473961140287e-35	-0.325744387451397	0.144	0.363	5.34525886380693e-31
"LST1"	3.36298372603784e-35	-0.347553982591997	0.775	0.951	5.52302817327195e-31
"LILRA5"	3.84471237909087e-35	-0.371307868431409	0.152	0.374	6.31417114018094e-31
"ITGAX"	4.9806534401847e-35	-0.270411875870757	0.078	0.262	8.17972714481534e-31
"CYP27A1"	8.07210126314689e-35	-0.369395690589459	0.03	0.17	1.32568119044661e-30
"ARPC4"	1.58538758530215e-34	-0.302515109050157	0.338	0.62	2.60368203134171e-30
"CRIP1"	1.63523428741501e-34	-0.37233546570439	0.253	0.505	2.68554527022167e-30
"SLC25A6"	1.88941303216989e-34	-0.318954570455764	0.689	0.896	3.10298302273261e-30
"CD9"	2.10454154925524e-34	-0.401087691496153	0.015	0.134	3.45628858634188e-30
"CSF1R"	2.39890352839687e-34	-0.447135787755278	0.136	0.339	3.93971926468619e-30
"ALDH2"	3.23174552014776e-34	-0.360316630676589	0.124	0.326	5.30749566773867e-30
"TCIRG1"	5.37387196814586e-34	-0.283559923956859	0.156	0.382	8.82550993328594e-30
"CHCHD2"	7.11324484514288e-34	-0.304152225170611	0.497	0.792	1.16820820091781e-29
"FOSB"	1.3183953698399e-33	-0.374325353509501	0.175	0.398	2.16520071588806e-29
"RP11-796E2.4"	1.6846745766478e-33	-0.349978597858141	0.015	0.133	2.76674105722868e-29
"CNN2"	7.86000151608441e-33	-0.270809888234236	0.102	0.293	1.29084804898654e-28
"HIST1H2BG"	2.3414626777554e-32	-0.346537850796294	0.013	0.124	3.84538415567769e-28
"CD37"	5.27032724593867e-32	-0.297661723766008	0.492	0.783	8.65545843600508e-28
"HIST1H2BN"	5.30957340925187e-32	-0.281432508576428	0.006	0.106	8.71991241001434e-28
"EIF5"	6.32961563593946e-32	-0.267295299709756	0.189	0.421	1.03951277589034e-27
"IER5"	1.57118605851758e-31	-0.28585734868415	0.09	0.271	2.58035886390342e-27
"SLC25A5"	1.92969312048189e-31	-0.340692923521889	0.355	0.61	3.16913501176741e-27
"POLR1D"	2.03868990196233e-31	-0.329540350346185	0.176	0.395	3.34814042599273e-27
"RBM3"	2.48121792049088e-31	-0.260186915523067	0.353	0.619	4.07490419082217e-27
"UNC119"	2.72661998306067e-31	-0.280347334021038	0.087	0.263	4.47792799818055e-27
"GRB2"	3.36978536698229e-31	-0.277531843252946	0.273	0.534	5.53419850819501e-27
"GLTSCR2"	9.15711861179868e-31	-0.262671467520946	0.341	0.613	1.5038735896157e-26
"SQSTM1"	1.42148157214575e-30	-0.30736460854454	0.18	0.397	2.33449918593497e-26
"HIST2H2BE"	2.82479763479122e-30	-0.299287381557364	0.033	0.162	4.63916515561761e-26
"SLC38A2"	3.40853978688135e-30	-0.348077693849351	0.103	0.282	5.59784489199524e-26
"SIGLEC10"	3.54980742607414e-30	-0.364485841049408	0.056	0.202	5.82984873584156e-26
"SLC25A3"	3.61712630752277e-30	-0.310861931072985	0.292	0.544	5.94040653484464e-26
"RBM39"	3.66503085224258e-30	-0.277004871826045	0.304	0.569	6.01908016863799e-26
"SEPT9"	5.12574321436949e-30	-0.253052595235293	0.163	0.374	8.41800808095901e-26
"RPL22L1"	8.80656736783458e-30	-0.286817389206701	0.092	0.263	1.44630255881947e-25
"NCF2"	1.09434674503553e-29	-0.283017087105712	0.304	0.56	1.79724565937185e-25
"LILRB2"	1.17413179975444e-29	-0.36038451743149	0.21	0.431	1.92827665473672e-25
"HLA-DPB1"	1.23749135911007e-29	-0.312885830804843	0.683	0.882	2.03233205906647e-25
"ADM"	1.33606847685167e-29	-0.344502618993945	0.058	0.206	2.1942252595335e-25
"PPM1N"	1.46983310881469e-29	-0.352249190147145	0.024	0.14	2.41390691460636e-25
"POU2F2"	4.20858426674724e-29	-0.251331941973525	0.204	0.427	6.91175794127899e-25
"PHACTR1"	5.67554458808795e-29	-0.353195591069804	0.071	0.225	9.32094687701684e-25
"SEC11A"	5.70923824707477e-29	-0.316676288307297	0.305	0.558	9.37628197317089e-25
"RHOB"	1.09088883345544e-28	-0.25895692418906	0.235	0.469	1.79156673118388e-24
"MARCKSL1"	1.63737240435448e-28	-0.295889359939376	0.091	0.257	2.68905669967136e-24
"CD68"	1.8036074134412e-28	-0.32394107148903	0.447	0.698	2.96206445509449e-24
"LYST"	2.15299527104795e-28	-0.273526443594036	0.286	0.541	3.53586413364205e-24
"RETN"	2.17557848798267e-28	-0.43735698520189	0.069	0.218	3.57295255081393e-24
"AP2A1"	2.19072846253861e-28	-0.268714795834732	0.066	0.216	3.59783335402715e-24
"EIF3L"	2.55195101953364e-28	-0.287695605354474	0.279	0.515	4.19106915938009e-24
"TUBA1A"	2.69978364142961e-28	-0.351961865424343	0.265	0.494	4.43385467431984e-24
"PSMD5-AS1"	3.17440100069717e-28	-0.277147968678562	0.023	0.134	5.21331876344495e-24
"TNFRSF1B"	9.47512396116357e-28	-0.303067349845952	0.286	0.517	1.55609960814189e-23
"DBNL"	1.88542370500841e-27	-0.264698731437225	0.234	0.46	3.09643135073531e-23
"HIST1H1E"	2.04635618688505e-27	-0.304506918419784	0.062	0.204	3.36073076572131e-23
"HIST1H4E"	6.7212542009652e-27	-0.295200543172315	0.023	0.13	1.10383157742452e-22
"PGLS"	1.91738311433016e-26	-0.280446575439108	0.276	0.508	3.14891828866441e-22
"HCK"	2.08663564008495e-26	-0.312290362124944	0.284	0.506	3.42688171171151e-22
"CAPZB"	2.44351252693278e-26	-0.256606483501254	0.396	0.651	4.0129806229817e-22
"RSRP1"	2.78582912987391e-26	-0.27354031352777	0.172	0.367	4.57516717999192e-22
"ZFAND5"	3.37062101548876e-26	-0.250867931139233	0.26	0.489	5.5355708937372e-22
"RPL4"	6.28978533655103e-26	-0.260392893617978	0.63	0.846	1.03297144582178e-21
"HIST1H1C"	6.84314921477741e-26	-0.353754022536858	0.095	0.252	1.12385039554289e-21
"RAC2"	7.09225050692835e-26	-0.261633226253962	0.313	0.55	1.16476030075284e-21
"CFP"	7.2503680782066e-26	-0.276486442626355	0.422	0.682	1.19072794948387e-21
"EIF3H"	7.61565891392252e-26	-0.27139201142307	0.378	0.631	1.25071966343349e-21
"LRRC25"	1.24073914334314e-25	-0.285911068593232	0.239	0.454	2.03766589511244e-21
"ANP32B"	1.52030929136101e-25	-0.266743269534926	0.247	0.469	2.49680394920219e-21
"PEA15"	1.52357618390518e-25	-0.289976876563179	0.046	0.169	2.50216916682748e-21
"LIMD2"	1.71050218413162e-25	-0.252688006506945	0.503	0.756	2.80915773699937e-21
"MIS18BP1"	4.88179282954021e-25	-0.268067221308881	0.151	0.336	8.01736836395389e-21
"C6orf48"	6.86217000599408e-25	-0.275282844197771	0.188	0.384	1.12697418008441e-20
"COX7C"	2.10481207331018e-24	-0.255568211933829	0.659	0.897	3.45673286799731e-20
"MAF1"	8.7108297062805e-24	-0.254090257519333	0.103	0.257	1.43057956266245e-19
"GSTP1"	1.22818531408506e-23	-0.252929930624188	0.72	0.893	2.01704874132189e-19
"TMEM154"	1.6731722147025e-23	-0.280738969483376	0.083	0.225	2.74785072820592e-19
"OAZ2"	3.90706993642216e-23	-0.254459316309471	0.161	0.34	6.41658095658612e-19
"TUBA1B"	2.27160724479891e-22	-0.260096047285372	0.284	0.492	3.73066057813325e-18
"RAB11FIP1"	5.10766615125046e-22	-0.309861721187608	0.118	0.269	8.38832012019862e-18
"RP11-758H9.2"	5.24713218710735e-22	-0.254875756758683	0.034	0.136	8.61736519088639e-18
"PECAM1"	8.63910192801927e-21	-0.27904829548586	0.211	0.388	1.41879970963861e-16
"CITED2"	2.28968038598583e-20	-0.265105574406277	0.125	0.274	3.76034209790452e-16
"CD79B"	3.05290187590899e-20	-0.265610684069226	0.068	0.188	5.01378075080533e-16
"HIST2H2AC"	3.39079635354441e-20	-0.251386405744993	0.032	0.127	5.56870485142599e-16
"RHOC"	4.48415312872346e-20	-0.389072327058282	0.116	0.251	7.36432468330254e-16
"TUBB"	1.480398226833e-19	-0.250758658904578	0.127	0.272	2.43125800792784e-15
"FCGR3A"	1.87087308923307e-17	-0.889804235215362	0.216	0.344	3.07253487444746e-13
"MS4A7"	1.96657998796604e-17	-0.294659435186803	0.269	0.442	3.22971431423663e-13
"CTSC"	3.00900970439421e-15	-0.258522061984021	0.288	0.454	4.94169663752661e-11
"RPPH1"	3.49888382729166e-13	-0.308693760687015	0.078	0.172	5.74621690956109e-09
