"p_val"	"avg_logFC"	"pct.1"	"pct.2"	"p_val_adj"
"RPS4X"	0	-0.30548465762336	0.953	0.998	0
"TMSB10"	0	-0.306103783792418	0.967	0.998	0
"DDX5"	0	-0.359558174598742	0.75	0.933	0
"MT-ND3"	0	-0.369435624496645	0.801	0.965	0
"ATP5E"	0	-0.381133099341839	0.686	0.898	0
"RPS24"	0	-0.39903795840686	0.826	0.978	0
"ARPC2"	0	-0.423498555825882	0.423	0.695	0
"ARPC1B"	0	-0.442097939081962	0.419	0.683	0
"HLA-DQB1"	0	-0.443324684771489	0.597	0.833	0
"CLIC1"	0	-0.463169172628924	0.354	0.622	0
"TPM3"	0	-0.468442244130267	0.209	0.465	0
"ACTB"	0	-0.486484964356037	0.84	0.99	0
"MYL6"	0	-0.487320614293808	0.669	0.902	0
"AC079767.4"	0	-0.491823000016009	0.046	0.213	0
"UCP2"	0	-0.51737212037243	0.485	0.779	0
"GPX1"	0	-0.520028366540957	0.272	0.553	0
"PEBP1"	0	-0.522614967589657	0.475	0.765	0
"TRAC"	0	-0.526988577130052	0.236	0.496	0
"UQCRH"	0	-0.527965913376786	0.357	0.623	0
"ARPC3"	0	-0.533605671487617	0.514	0.822	0
"TMSB4X"	0	-0.537472491113768	0.952	1	0
"RP5-1171I10.5"	0	-0.540812989224945	0.06	0.243	0
"CD52"	0	-0.54680991085147	0.862	0.986	0
"ZBTB32"	0	-0.556230683266412	0.039	0.204	0
"TAGLN2"	0	-0.556685547498908	0.282	0.537	0
"TPI1"	0	-0.558501297249557	0.246	0.529	0
"RNASE6"	0	-0.561584098028103	0.136	0.361	0
"SERF2"	0	-0.568507580894983	0.789	0.97	0
"PNOC"	0	-0.572864744694887	0.063	0.26	0
"RHOC"	0	-0.57528822780748	0.074	0.276	0
"CLECL1"	0	-0.581804502017579	0.085	0.29	0
"CYB561A3"	0	-0.584055724547279	0.298	0.609	0
"BLK"	0	-0.585669244332525	0.193	0.471	0
"ABCA6"	0	-0.589316100643849	0.103	0.363	0
"XIST"	0	-0.59495582897501	0.069	0.255	0
"PCAT29"	0	-0.598042059866437	0.005	0.135	0
"GAPDH"	0	-0.602677145749969	0.524	0.784	0
"PTPN6"	0	-0.608436011333427	0.167	0.44	0
"CAPG"	0	-0.621127887415122	0.085	0.308	0
"HLA-DRB5"	0	-0.63123565036414	0.177	0.452	0
"SFTPB"	0	-0.648359613286928	0.001	0.12	0
"CCDC88A"	0	-0.650059888643447	0.128	0.407	0
"SAT1"	0	-0.652194463794662	0.259	0.573	0
"LINC01480"	0	-0.655390998030797	0.068	0.288	0
"IGLC2"	0	-0.702105006250033	0.313	0.619	0
"RAC2"	0	-0.709442780097273	0.194	0.532	0
"TYROBP"	0	-0.75512795498158	0.149	0.48	0
"COCH"	0	-0.808961553140661	0.02	0.22	0
"CD27"	0	-0.831193831204118	0.422	0.716	0
"S100A4"	0	-0.904001862872346	0.472	0.729	0
"LGALS1"	0	-1.15704434981882	0.169	0.556	0
"IGLC3"	0	-1.6634050712366	0.13	0.394	0
"LSP1"	3.50808852822027e-301	-0.44605560142517	0.356	0.62	5.76133378989615e-297
"ATP5G2"	2.93219997845947e-299	-0.389333538475659	0.514	0.773	4.81555202462399e-295
"EEF2"	3.65631890170314e-296	-0.35305828369903	0.653	0.87	6.00477253226706e-292
"PIGR"	3.35485361567289e-295	-0.483731977582983	0.015	0.143	5.50967609301959e-291
"RPL23"	3.89932811068049e-294	-0.339467536014175	0.671	0.884	6.40386655617056e-290
"LBH"	6.19397605807228e-291	-0.464272874504202	0.224	0.467	1.01723668801721e-286
"GDI2"	4.04243538284681e-290	-0.471506866040631	0.211	0.449	6.63889162924931e-286
"JUN"	2.02589263708693e-289	-0.545444364130468	0.449	0.699	3.32712347788786e-285
"CD37"	3.43354280262787e-285	-0.302886358964256	0.814	0.962	5.63890734475575e-281
"LIMD2"	5.29959826753151e-283	-0.373520649496701	0.535	0.794	8.703530234767e-279
"CORO1B"	4.85816594029159e-282	-0.47695550857553	0.092	0.28	7.97856592374087e-278
"ANXA2"	1.15122831102744e-275	-0.481295504084813	0.199	0.425	1.89066225520037e-271
"AP2S1"	1.17746131633511e-269	-0.451821331074253	0.13	0.333	1.93374471981715e-265
"COX7C"	6.74417814145627e-269	-0.330617537750016	0.6	0.836	1.10759637617136e-264
"COX4I1"	1.43730946686753e-262	-0.320282918907203	0.648	0.865	2.36049333743655e-258
"S100A13"	3.99394709767807e-261	-0.475498472309876	0.015	0.131	6.55925931851669e-257
"PTMS"	3.07256647847572e-257	-0.431153291044852	0.016	0.131	5.04607592760067e-253
"MS4A1"	4.21911693731914e-254	-0.621087985990249	0.191	0.394	6.92905574615923e-250
"HLA-DPA1"	9.02257974577143e-251	-0.294868101146124	0.857	0.967	1.48177827164804e-246
"SH3TC1"	2.92199336062811e-250	-0.475193880177315	0.011	0.116	4.79878969615955e-246
"GABARAPL2"	3.50478657826865e-249	-0.443431767292812	0.197	0.413	5.7559109974906e-245
"GNB2L1"	7.51491276820586e-247	-0.268101816877755	0.83	0.964	1.23417412392245e-242
"IGHE"	2.59382235144664e-246	-0.722894595467047	0.02	0.136	4.25983444778082e-242
"ITGB7"	1.43194170030624e-242	-0.44294627529654	0.085	0.253	2.35167785441294e-238
"SF3B5"	9.21809780516201e-240	-0.397905155978573	0.155	0.357	1.51388820254176e-235
"TSPO"	4.35500026948637e-237	-0.412384757510759	0.157	0.355	7.15221694257747e-233
"IGLC6"	7.15318746244867e-236	-1.17732175810561	0.037	0.164	1.17476797695795e-231
"IRF8"	2.23706687991454e-235	-0.376580430005687	0.281	0.519	3.67393493688366e-231
"ETFB"	5.41257054311464e-234	-0.443338613766	0.097	0.268	8.88906460295717e-230
"HINT1"	2.4296535302966e-233	-0.331146282608836	0.557	0.789	3.9902199928061e-229
"IGLC7"	6.84929067192885e-230	-0.703950436443814	0.036	0.166	1.12485900705087e-225
"IGHA1"	6.97905551643501e-229	-0.309987684337437	0.275	0.518	1.14617028746412e-224
"CORO1A"	5.0615089625165e-228	-0.355969782689135	0.411	0.655	8.31251616914085e-224
"FCER2"	9.12309017830014e-227	-0.407486806244522	0.3	0.522	1.49828509998223e-222
"ACTG1"	1.50091886105736e-226	-0.395477550010051	0.427	0.658	2.4649590455145e-222
"TSTD1"	1.44270660304619e-225	-0.36261135019838	0.343	0.579	2.36935705418275e-221
"UQCR11"	3.78317977340646e-224	-0.328961450673809	0.373	0.615	6.21311614186543e-220
"LAPTM5"	2.1022096601769e-222	-0.351144958670392	0.626	0.839	3.45245892490852e-218
"COX6B1"	1.15441796311906e-221	-0.336049658382615	0.339	0.577	1.89590062083044e-217
"ISG20"	4.3941029601223e-221	-0.387511919219213	0.365	0.596	7.21643529140885e-217
"NSMCE1"	8.03031804794783e-220	-0.415769510048888	0.193	0.395	1.31881913301447e-215
"RNH1"	8.56073576375544e-220	-0.390153350096074	0.179	0.378	1.40592963448156e-215
"SRGN"	3.34608635556647e-218	-0.425486886267526	0.239	0.446	5.49527762174681e-214
"GPM6A"	6.41201868102419e-217	-0.375257474610207	0.019	0.123	1.0530458279846e-212
"MIF4GD"	1.58181843819388e-214	-0.394168446813436	0.071	0.219	2.59782042104581e-210
"ANXA6"	6.47566681662428e-214	-0.399755496066405	0.095	0.256	1.06349876129421e-209
"SH3BP5"	2.06570795313564e-213	-0.345506089408125	0.222	0.434	3.39251217143467e-209
"S100A10"	1.48444157994215e-212	-0.572298585705756	0.136	0.305	2.43789840673899e-208
"LDHA"	3.74864990398783e-208	-0.419736034404568	0.094	0.249	6.15640773731922e-204
"CD99"	8.04096407471164e-203	-0.42388711343419	0.191	0.378	1.32056752998989e-198
"HLA-DPB1"	2.33576947494795e-200	-0.281715338471658	0.79	0.932	3.83603420870702e-196
"LAG3"	1.65930111662578e-198	-0.447856220780637	0.034	0.146	2.72507022383452e-194
"ATOX1"	4.38691391986123e-198	-0.397549639674792	0.155	0.335	7.2046287305881e-194
"PLPP5"	2.19403362458061e-197	-0.355723114358684	0.023	0.126	3.60326142164874e-193
"IL4R"	7.20270053674455e-196	-0.434171982929221	0.188	0.372	1.18289950914956e-191
"SHMT2"	9.68989974942325e-193	-0.378336638750832	0.055	0.181	1.59137223584778e-188
"C1orf162"	1.03026552510823e-192	-0.413342215122115	0.145	0.314	1.69200507188525e-188
"CTSZ"	5.48687654495973e-192	-0.316422749069835	0.12	0.286	9.01109734978736e-188
"LRMP"	6.16165007642099e-190	-0.386915146726949	0.175	0.354	1.01192779205062e-185
"SEC61B"	2.93288048366039e-189	-0.32730628296885	0.239	0.441	4.81666961831545e-185
"NOP10"	6.11049802539916e-188	-0.373045684615866	0.192	0.376	1.0035270907113e-183
"EMP3"	8.12009682541594e-188	-0.40334395518132	0.369	0.574	1.33356350163806e-183
"ATP5B"	2.94228260938195e-187	-0.368418266789031	0.223	0.417	4.83211072938798e-183
"EVI2B"	5.52209056952084e-187	-0.343709399036381	0.33	0.544	9.06892934232407e-183
"APOBEC3G"	1.07035159778313e-184	-0.35662185806105	0.211	0.402	1.75783842903924e-180
"LTA4H"	2.88544402392639e-183	-0.367384221823966	0.144	0.313	4.73876472049432e-179
"RASGRP3"	3.02318669679323e-182	-0.315455695059253	0.044	0.159	4.96497951214352e-178
"PCGF5"	1.27056795124944e-181	-0.355639254503025	0.092	0.236	2.08665374633696e-177
"MBD4"	1.41193763554356e-180	-0.357455172848932	0.129	0.29	2.31882517885319e-176
"HVCN1"	7.02879457329313e-178	-0.337399722420951	0.189	0.372	1.15433893277193e-173
"SMIM14"	6.60501767991329e-177	-0.35897324664888	0.195	0.376	1.08474205357216e-172
"CCDC50"	1.93693988948856e-176	-0.315335490375427	0.091	0.235	3.18103638050707e-172
"ARHGDIB"	1.09750925497011e-175	-0.284687168418797	0.576	0.813	1.80243944943741e-171
"VAMP8"	1.1514499014268e-175	-0.322615727740022	0.232	0.426	1.89102617311324e-171
"PYCARD"	2.34955356034695e-175	-0.382813764731665	0.158	0.322	3.8586718121578e-171
"EVL"	1.17497151890674e-174	-0.310623998802298	0.268	0.468	1.92965572550053e-170
"PRR13"	1.17856955832737e-173	-0.341651606649726	0.391	0.6	1.93556478564104e-169
"BLOC1S1"	1.34273025677398e-173	-0.332386617062245	0.219	0.406	2.2051659006999e-169
"AIM2"	1.5894371402953e-172	-0.344744820574499	0.12	0.274	2.61033261550696e-168
"SH3BGRL3"	2.59733000764666e-172	-0.2941975262064	0.576	0.786	4.26559507155811e-168
"CFL1"	1.02492253266001e-170	-0.253890977700615	0.669	0.872	1.68323027538754e-166
"LILRA4"	1.42639346430626e-170	-0.393742049763239	0.046	0.157	2.34256598643017e-166
"RP11-796E2.4"	3.60676142558834e-170	-0.313418101755855	0.049	0.164	5.92338428924373e-166
"EDF1"	5.63693795499477e-170	-0.261706282297651	0.379	0.604	9.25754320348791e-166
"POMP"	1.07420303206328e-168	-0.314491271652863	0.153	0.318	1.76416363955752e-164
"SUB1"	1.80323033397459e-167	-0.31902173799216	0.21	0.391	2.96144517748647e-163
"CAPZB"	2.74664204025534e-167	-0.291540694440067	0.16	0.33	4.51081022271135e-163
"PTRHD1"	1.12832925238467e-164	-0.311265455038127	0.098	0.239	1.85305513119134e-160
"ATPIF1"	5.36690276082076e-164	-0.265322062390862	0.318	0.525	8.81406440409593e-160
"COPE"	9.44090424414082e-164	-0.294592477991917	0.268	0.466	1.55047970401525e-159
"PRDX2"	6.67206100621023e-163	-0.392667284058935	0.055	0.167	1.09575257904991e-158
"C12orf57"	3.52620872759345e-162	-0.287637277375953	0.204	0.385	5.79109259332672e-158
"ATP5G3"	3.54456484491808e-162	-0.308688636442068	0.211	0.391	5.82123884480896e-158
"PGLS"	5.25080541596293e-162	-0.322435269835874	0.133	0.287	8.62339773463592e-158
"ECH1"	2.64410438670649e-161	-0.300524570314063	0.192	0.368	4.34241263428807e-157
"BTK"	1.3538174322345e-160	-0.30217251617024	0.1	0.24	2.22337436895872e-156
"CIB1"	3.96515436312848e-160	-0.335190155206243	0.211	0.387	6.5119730105659e-156
"S100A6"	8.49343599855469e-159	-0.441545785197888	0.699	0.835	1.39487699404264e-154
"BLOC1S2"	1.29272303037533e-158	-0.325453991509366	0.116	0.261	2.1230390327854e-154
"HLA-DMA"	1.00860474325049e-157	-0.258636434366192	0.648	0.838	1.65643156984027e-153
"SYTL1"	4.80260846133921e-156	-0.317491026006243	0.059	0.173	7.88732387605738e-152
"H2AFY"	1.72136666675755e-155	-0.308414214083756	0.099	0.235	2.82700047681592e-151
"COX5A"	1.91936212968044e-155	-0.294676036858784	0.151	0.309	3.15216842557418e-151
"PSMA4"	4.23810576602882e-154	-0.309027067094061	0.198	0.371	6.96024109954913e-150
"ATP5F1"	4.72455829098656e-154	-0.291976880765982	0.162	0.325	7.75914208128723e-150
"ATP5EP2"	7.90067340930413e-154	-0.279647110614048	0.045	0.15	1.29752759401002e-149
"ADI1"	1.02068783028327e-151	-0.30647173063945	0.059	0.172	1.67627562367421e-147
"ITGB1"	1.36365626057572e-150	-0.398609548184549	0.175	0.329	2.2395326767435e-146
"HN1"	2.02451707712441e-150	-0.32879881256578	0.048	0.152	3.32486439576142e-146
"HLA-DOB"	3.10004751239164e-150	-0.305968132100776	0.09	0.22	5.09120802960079e-146
"SLC25A3"	5.96223685775009e-150	-0.301448376732712	0.226	0.402	9.79178159148298e-146
"SP140"	1.30820349475687e-149	-0.281775033087147	0.069	0.188	2.1484625994392e-145
"ATP5L"	1.7456698854574e-149	-0.273073458935467	0.529	0.731	2.86691365288669e-145
"DYNLRB1"	5.63629691860886e-149	-0.294784906147458	0.137	0.286	9.25649042943133e-145
"DYNLL1"	8.27282093291679e-149	-0.320946154003974	0.368	0.562	1.35864538181292e-144
"APEX1"	6.3049278418735e-148	-0.31396533214947	0.119	0.26	1.03545829947088e-143
"HLA-DQA1"	8.85927085204593e-148	-0.290861822305713	0.503	0.694	1.4549580520315e-143
"MRPL51"	2.44586155276648e-147	-0.334527908939236	0.132	0.277	4.01683842810838e-143
"DRAP1"	2.46212632699245e-147	-0.252701746432904	0.306	0.502	4.04355006681971e-143
"PARK7"	2.97640199487418e-147	-0.270527739086512	0.299	0.49	4.88814499618187e-143
"CHMP4B"	2.62969652651886e-146	-0.259637769530008	0.066	0.18	4.31875060550192e-142
"HIGD2A"	6.10068149606202e-146	-0.288735056976617	0.268	0.45	1.00191492209827e-141
"GRN"	7.45073154617727e-146	-0.264006296075266	0.239	0.418	1.22363364182869e-141
"RPL36AL"	1.48765501529622e-145	-0.255478899122784	0.5	0.706	2.44317583162098e-141
"QRSL1"	2.11997768134129e-145	-0.315406548851599	0.224	0.394	3.48163934606681e-141
"SLC25A5"	2.34287568161464e-145	-0.293627326344615	0.184	0.347	3.84770473191572e-141
"RPL36A"	2.53890125917818e-145	-0.314680067406404	0.603	0.765	4.16963753794832e-141
"GCHFR"	3.90885423400298e-145	-0.255804201032504	0.104	0.239	6.41951130850309e-141
"USMG5"	1.94448701684157e-144	-0.263025350161542	0.224	0.398	3.19343102775892e-140
"NUDT1"	2.26979644912586e-144	-0.288363276073206	0.044	0.143	3.72768670839941e-140
"IGFLR1"	2.72725248436059e-144	-0.278337657229432	0.032	0.122	4.4789667550654e-140
"SCAND1"	1.02370855740951e-141	-0.269167489210307	0.138	0.285	1.68123656383364e-137
"DDX3X"	1.70685307454523e-141	-0.316447786891425	0.131	0.272	2.80316480432563e-137
"NCF4"	2.3780440061866e-141	-0.279857299351387	0.127	0.269	3.90546167136026e-137
"SELL"	2.9968610562011e-141	-0.299933334593958	0.208	0.376	4.92174491259907e-137
"DDAH2"	2.28360133559635e-140	-0.289341594448572	0.061	0.169	3.75035847344989e-136
"CTSH"	5.18553729592456e-140	-0.272833002982476	0.189	0.352	8.51620790109691e-136
"ATP5A1"	8.8724906875527e-140	-0.263756811128535	0.264	0.445	1.45712914561678e-135
"ROMO1"	7.65433658614193e-139	-0.25766759818746	0.146	0.294	1.25707169754209e-134
"ARHGAP25"	1.64529549048228e-138	-0.277569328309092	0.11	0.243	2.70206878401905e-134
"ARPC4"	9.94998319459309e-137	-0.256849687366091	0.12	0.259	1.63408574004802e-132
"PATL2"	1.62343047823937e-135	-0.301485378199112	0.047	0.143	2.66615987441252e-131
"FMOD"	6.83800706555714e-135	-0.298818723130156	0.062	0.169	1.12300590037645e-130
"TRAPPC6A"	7.60083295527285e-133	-0.278535985531574	0.085	0.202	1.24828479624446e-128
"NDUFB4"	1.85308170939365e-132	-0.253445255267178	0.175	0.328	3.0433160913372e-128
"DPEP2"	2.4654405031086e-132	-0.250584506007322	0.061	0.167	4.04899293825525e-128
"LDHB"	7.04140094234066e-132	-0.301581577519959	0.228	0.391	1.15640927676061e-127
"VPS29"	7.18039461387482e-132	-0.293673012571226	0.141	0.28	1.17923620743666e-127
"DBI"	2.51700348983727e-131	-0.344365631155802	0.373	0.548	4.13367483135975e-127
"COMMD3"	3.2688247190755e-131	-0.283875007099762	0.085	0.202	5.36839083613769e-127
"CD72"	9.95490728200246e-131	-0.296761100282094	0.1	0.224	1.63489442292326e-126
"TWF2"	3.21830132912898e-130	-0.279453367618559	0.083	0.198	5.28541627282852e-126
"COX7B"	8.48196287952232e-130	-0.253445977043196	0.222	0.387	1.39299276370395e-125
"NDUFB5"	5.44627453779061e-129	-0.280557963763673	0.104	0.228	8.94441667341352e-125
"TRAF3IP3"	1.46251240282427e-126	-0.253797372883593	0.239	0.406	2.4018841191583e-122
"SPIB"	1.555215941509e-126	-0.253004788368187	0.162	0.307	2.55413114074022e-122
"HCST"	1.11885140625176e-125	-0.286487216720175	0.18	0.328	1.83748966448726e-121
"RAB11A"	1.37721236580915e-125	-0.287385774692545	0.104	0.225	2.26179586836836e-121
"PDLIM1"	2.40751685953159e-125	-0.258338543648528	0.171	0.319	3.95386493840873e-121
"MARCH1"	4.97712445933824e-125	-0.254051724874391	0.27	0.441	8.17393149957119e-121
"COTL1"	8.47358942863749e-125	-0.25595283437695	0.261	0.429	1.39161759186514e-120
"ARPC5"	1.14615227625246e-123	-0.268632557305114	0.17	0.316	1.88232588328941e-119
"PTPN22"	1.70694078116862e-123	-0.261318522330934	0.068	0.173	2.80330884491323e-119
"CXCR3"	3.29184723111839e-121	-0.280360675185085	0.03	0.107	5.40620070766573e-117
"RILPL2"	4.19802817364402e-120	-0.264028484912605	0.117	0.241	6.89442166957558e-116
"FGR"	3.09779575113883e-119	-0.278653143363688	0.083	0.192	5.0875099620953e-115
"ENO1"	9.28978513817411e-119	-0.271170068001838	0.245	0.404	1.52566141324233e-114
"HMOX1"	1.60537153504206e-118	-0.257013973556255	0.041	0.127	2.63650167199958e-114
"MIR155HG"	2.10409837058377e-118	-0.333059564740592	0.092	0.203	3.45556075400972e-114
"YPEL5"	1.11247598794685e-117	-0.257442145033883	0.142	0.274	1.82701931500512e-113
"COX14"	4.10359960408682e-116	-0.272297399261452	0.174	0.314	6.73934162979179e-112
"LSM10"	4.78081726720451e-116	-0.252585520963661	0.194	0.344	7.85153619792997e-112
"CCT8"	7.210219011064e-116	-0.257785741214213	0.121	0.246	1.18413426818704e-111
"TUBA4A"	1.11410006109629e-115	-0.28610929221628	0.151	0.285	1.82968653033843e-111
"EAF2"	4.55255028757291e-115	-0.304972695497332	0.047	0.133	7.47665333728099e-111
"EID1"	1.04860010309123e-108	-0.253577864851149	0.156	0.287	1.72211594930672e-104
"C1orf228"	3.77431393762955e-108	-0.279952105149579	0.069	0.164	6.19855577976901e-104
"GLO1"	1.12604251578499e-107	-0.264139584050869	0.191	0.331	1.84929962367369e-103
"SNAP23"	1.31977050524374e-107	-0.255452660616805	0.099	0.208	2.16745910076179e-103
"CLEC2B"	9.62603022285157e-105	-0.253538113997327	0.053	0.139	1.58088294349891e-100
"TCTN1"	2.4311715174016e-49	-0.277406357106161	0.111	0.18	3.99271298302864e-45
