"seqnames"	"start"	"end"	"width"	"strand"	"CLL1_0d_CD4"	"CLL1_3d_CD4"	"CLL2_0d_CD4"	"CLL2_3d_CD4"	"CLL2_8d_CD4"	"CLL2_30d_CD4"	"CLL2_120d_CD4"	"CLL4_0d_CD4"	"CLL4_2d_CD4"	"CLL4_3d_CD4"	"CLL5_0d_CD4"	"CLL5_1d_CD4"	"CLL5_2d_CD4"	"CLL5_3d_CD4"	"CLL5_8d_CD4"	"CLL5_30d_CD4"	"CLL5_150d_CD4"	"CLL5_240d_CD4"	"CLL6_30d_CD4"	"CLL6_120d_CD4"	"CLL6_280d_CD4"	"CLL7_0d_CD4"	"CLL7_1d_CD4"	"CLL7_3d_CD4"	"CLL7_8d_CD4"	"CLL7_30d_CD4"	"CLL7_150d_CD4"	"CLL8_0d_CD4"	"CLL8_3d_CD4"	"consensusIDs"	"annotation"	"geneChr"	"geneStart"	"geneEnd"	"geneLength"	"geneStrand"	"geneId"	"transcriptId"	"distanceToTSS"	"ENSEMBL"	"SYMBOL"	"GENENAME"	"0"	"3"	"8"	"30"	"120"
"26"	"chr1"	1370739	1371314	576	"*"	0	0	0	1	0	0	1	1	1	1	0	0	1	1	1	1	1	0	1	0	1	0	1	1	1	1	1	0	1	"consensus_36"	"Promoter"	1	1370903	1378262	7360	1	"64856"	"uc001afr.3"	0	"ENSG00000179403"	"VWA1"	"von Willebrand factor A domain containing 1"	0.166666666666667	0.8	0.666666666666667	0.75	0.666666666666667
"37"	"chr1"	1608941	1610109	1169	"*"	0	0	0	1	0	0	1	1	0	0	0	1	1	1	1	0	1	0	0	1	1	0	1	1	1	1	1	0	1	"consensus_48"	"Promoter"	1	1601214	1608285	7072	2	"728661"	"uc021oeu.1"	-656	"ENSG00000189339"	"SLC35E2B"	"solute carrier family 35 member E2B"	0.166666666666667	0.7	0.666666666666667	0.25	0.833333333333333
"98"	"chr1"	8002312	8002862	551	"*"	0	0	0	1	0	0	1	0	0	1	0	0	1	1	1	1	1	0	1	1	1	0	1	1	1	1	1	0	1	"consensus_125"	"Promoter"	1	7975931	8003225	27295	2	"3604"	"uc001aot.3"	363	"ENSG00000049249"	"TNFRSF9"	"TNF receptor superfamily member 9"	0	0.7	0.666666666666667	0.75	0.833333333333333
"154"	"chr1"	15250367	15251095	729	"*"	0	1	0	1	0	0	1	1	1	1	0	0	1	1	1	1	0	0	1	1	0	0	0	0	1	1	1	0	1	"consensus_191"	"Promoter"	1	15250625	15394651	144027	1	"23254"	"uc001avo.2"	0	"ENSG00000189337"	"KAZN"	"kazrin, periplakin interacting protein"	0.166666666666667	0.7	0.666666666666667	0.75	0.5
"180"	"chr1"	19210627	19211010	384	"*"	0	0	0	1	1	0	1	1	1	1	0	1	1	1	1	1	0	0	1	1	1	0	0	0	1	1	1	0	1	"consensus_229"	"Promoter"	1	19209696	19209769	74	2	"100616120"	"uc021ohm.2"	-858	"ENSG00000265606"	"MIR4695"	"microRNA 4695"	0.166666666666667	0.7	1	0.75	0.666666666666667
"207"	"chr1"	21606461	21607109	649	"*"	0	0	0	1	1	0	1	1	1	1	0	0	1	1	1	1	1	0	1	1	0	0	0	1	1	1	1	0	1	"consensus_261"	"Promoter"	1	21543740	21606183	62444	2	"1889"	"uc001bej.2"	-278	"ENSG00000117298"	"ECE1"	"endothelin converting enzyme 1"	0.166666666666667	0.7	1	0.75	0.666666666666667
"279"	"chr1"	26699808	26700133	326	"*"	0	1	0	1	1	0	1	1	1	1	0	0	1	1	1	0	0	0	0	1	1	0	0	1	1	1	1	0	1	"consensus_353"	"Promoter"	1	26688125	26699266	11142	2	"257101"	"uc009vsj.1"	-542	"ENSG00000176083"	"ZNF683"	"zinc finger protein 683"	0.166666666666667	0.8	1	0.25	0.666666666666667
"350"	"chr1"	32211071	32211560	490	"*"	0	0	0	1	0	0	1	1	1	1	0	0	1	1	1	1	1	0	1	1	1	0	0	1	1	1	1	0	1	"consensus_439"	"Promoter"	1	32192718	32210332	17615	2	"576"	"uc010ogo.2"	-739	"ENSG00000121753"	"ADGRB2"	"adhesion G protein-coupled receptor B2"	0.166666666666667	0.7	0.666666666666667	0.75	0.833333333333333
"366"	"chr1"	32827110	32828031	922	"*"	0	1	0	1	0	0	1	1	1	1	0	0	1	1	1	0	1	0	1	1	1	0	0	0	0	1	1	0	1	"consensus_461"	"Promoter"	1	32826871	32827844	974	2	"100128071"	"uc021oku.1"	0	"ENSG00000225828"	"FAM229A"	"family with sequence similarity 229 member A"	0.166666666666667	0.7	0.333333333333333	0.5	0.833333333333333
"435"	"chr1"	39546809	39547568	760	"*"	0	1	0	1	0	0	1	1	1	1	0	0	1	1	1	1	1	0	0	0	0	0	1	1	1	1	1	0	1	"consensus_552"	"Promoter"	1	39547089	39568889	21801	1	"23499"	"uc010oir.3"	0	"ENSG00000127603"	"MACF1"	"microtubule actin crosslinking factor 1"	0.166666666666667	0.9	0.666666666666667	0.5	0.5
"502"	"chr1"	44871593	44872351	759	"*"	0	1	0	1	0	0	1	1	0	1	0	0	1	1	1	1	1	0	0	1	1	0	1	0	1	1	1	0	1	"consensus_638"	"Promoter"	1	44871050	45117396	246347	1	"55182"	"uc001clw.1"	543	"ENSG00000187147"	"RNF220"	"ring finger protein 220"	0.166666666666667	0.7	0.666666666666667	0.5	0.833333333333333
"585"	"chr1"	53792736	53793327	592	"*"	0	0	0	1	0	0	1	1	1	1	0	0	0	1	1	1	0	0	0	1	0	0	1	1	1	1	1	0	1	"consensus_744"	"Promoter"	1	53708041	53793071	85031	2	"7804"	"uc001cvh.2"	0	"ENSG00000157193"	"LRP8"	"LDL receptor related protein 8"	0.166666666666667	0.7	0.666666666666667	0.5	0.5
"615"	"chr1"	63782618	63783362	745	"*"	0	0	0	1	0	0	1	0	1	1	0	0	1	1	1	1	1	0	1	1	0	1	0	1	1	1	1	0	1	"consensus_793"	"Promoter"	1	63624754	63782901	158148	2	"199899"	"uc001daw.2"	0	"ENSG00000224209"	"LINC00466"	"long intergenic non-protein coding RNA 466"	0.166666666666667	0.7	0.666666666666667	0.75	0.666666666666667
"623"	"chr1"	64970948	64971950	1003	"*"	0	1	0	1	0	0	1	1	1	1	0	0	1	1	1	1	1	0	0	0	1	0	1	1	1	1	1	0	1	"consensus_801"	"Promoter"	1	64971597	65158741	187145	1	"57685"	"uc001dbp.1"	0	"ENSG00000158966"	"CACHD1"	"cache domain containing 1"	0.166666666666667	0.9	0.666666666666667	0.5	0.666666666666667
"663"	"chr1"	78354412	78354864	453	"*"	0	0	0	1	0	0	1	1	1	1	0	0	1	1	0	1	1	0	1	1	0	0	1	0	1	1	1	0	1	"consensus_856"	"Promoter"	1	78354200	78409578	55379	1	"91624"	"uc001dic.4"	212	"ENSG00000162614"	"NEXN"	"nexilin F-actin binding protein"	0.166666666666667	0.7	0.333333333333333	0.75	0.666666666666667
"666"	"chr1"	78511319	78512214	896	"*"	0	1	0	1	0	0	1	1	1	0	0	0	1	1	1	1	0	0	0	0	0	0	1	0	0	1	1	0	1	"consensus_860"	"Promoter"	1	78511589	78603112	91524	1	"54810"	"uc001dik.3"	0	"ENSG00000137960"	"GIPC2"	"GIPC PDZ domain containing family member 2"	0.166666666666667	0.7	0.333333333333333	0.5	0.333333333333333
"730"	"chr1"	94146334	94147638	1305	"*"	0	0	0	1	0	0	1	1	1	1	0	0	1	1	1	1	1	0	1	0	1	0	0	1	1	1	1	0	1	"consensus_949"	"Promoter"	1	94027343	94146926	119584	2	"8412"	"uc001dpz.4"	0	"ENSG00000137936"	"BCAR3"	"BCAR3 adaptor protein, NSP family member"	0.166666666666667	0.7	0.666666666666667	0.75	0.666666666666667
"738"	"chr1"	95007010	95007672	663	"*"	0	1	0	1	0	0	1	1	0	1	0	0	1	1	0	1	1	0	0	0	0	0	0	1	1	0	1	0	1	"consensus_957"	"Promoter"	1	94994732	95007413	12682	2	"2152"	"uc001dqr.3"	0	"ENSG00000117525"	"F3"	"coagulation factor III, tissue factor"	0.166666666666667	0.7	0.333333333333333	0.25	0.5
"764"	"chr1"	107683484	107684444	961	"*"	0	1	0	1	0	0	1	1	1	0	0	1	1	1	1	1	1	0	1	1	0	0	0	0	0	1	1	0	1	"consensus_989"	"Promoter"	1	107683549	107953207	269659	1	"22854"	"uc001dvd.1"	0	"ENSG00000162631"	"NTNG1"	"netrin G1"	0.166666666666667	0.7	0.333333333333333	0.75	0.666666666666667
"889"	"chr1"	149888859	149889589	731	"*"	0	0	0	1	0	0	1	1	1	1	0	1	1	1	1	1	1	0	0	1	1	0	1	0	1	1	1	0	1	"consensus_1147"	"Promoter"	1	149874872	149889434	14563	2	"9900"	"uc001etg.3"	0	"ENSG00000159164"	"SV2A"	"synaptic vesicle glycoprotein 2A"	0.166666666666667	0.8	0.666666666666667	0.5	0.833333333333333
"1203"	"chr1"	183622301	183622673	373	"*"	0	0	0	1	0	0	1	1	1	1	0	0	1	1	1	0	1	0	1	0	0	0	0	1	1	1	0	0	1	"consensus_1548"	"Promoter"	1	183615411	183622448	7038	2	"403314"	"uc001gqn.3"	0	"ENSG00000173627"	"APOBEC4"	"apolipoprotein B mRNA editing enzyme catalytic polypeptide like 4"	0.166666666666667	0.7	0.666666666666667	0.5	0.333333333333333
"1250"	"chr1"	201857801	201858260	460	"*"	0	0	0	1	0	0	1	1	1	1	0	0	1	1	1	1	1	0	1	1	0	0	0	1	1	1	1	0	1	"consensus_1609"	"Promoter"	1	201857805	201861715	3911	1	"149345"	"uc001gxa.3"	0	"ENSG00000198892"	"SHISA4"	"shisa family member 4"	0.166666666666667	0.7	0.666666666666667	0.75	0.666666666666667
"1264"	"chr1"	202776538	202776962	425	"*"	0	1	0	1	0	0	0	1	0	1	0	0	1	1	1	0	0	0	0	0	1	0	0	1	0	1	0	0	1	"consensus_1632"	"Promoter"	1	202698835	202776427	77593	2	"10765"	"uc001gyg.1"	-111	"ENSG00000117139"	"KDM5B"	"lysine demethylase 5B"	0.166666666666667	0.7	0.333333333333333	0.25	0.166666666666667
"1296"	"chr1"	205473468	205474235	768	"*"	0	0	0	1	0	0	1	1	1	1	0	0	1	1	1	1	1	0	0	1	1	0	1	1	1	1	1	0	1	"consensus_1672"	"Promoter"	1	205473684	205492843	19160	1	"5129"	"uc009xbk.2"	0	"ENSG00000117266"	"CDK18"	"cyclin dependent kinase 18"	0.166666666666667	0.8	0.666666666666667	0.5	0.833333333333333
"1483"	"chr1"	240774884	240775714	831	"*"	0	0	0	1	1	0	1	1	0	1	0	1	1	1	1	1	1	0	1	1	1	0	1	0	1	1	1	0	1	"consensus_1912"	"Promoter"	1	240652873	240775462	122590	2	"64388"	"uc001hys.3"	0	"ENSG00000180875"	"GREM2"	"gremlin 2, DAN family BMP antagonist"	0.166666666666667	0.7	1	0.75	0.833333333333333
"1509"	"chr1"	247335520	247335769	250	"*"	0	0	0	1	0	1	0	1	1	1	0	0	1	1	0	0	0	0	1	1	1	0	1	1	0	0	1	0	1	"consensus_1947"	"Promoter"	1	247319722	247335318	15597	2	"7678"	"uc001ick.3"	-202	"ENSG00000196418"	"ZNF124"	"zinc finger protein 124"	0.166666666666667	0.8	0	0.5	0.5
"1590"	"chr10"	16562506	16563921	1416	"*"	0	1	0	1	0	0	1	1	1	1	0	1	1	1	1	0	1	0	1	1	1	0	1	1	1	1	1	0	1	"consensus_2055"	"Promoter"	10	16555742	16564004	8263	2	"389941"	"uc001ioj.1"	83	"ENSG00000165985"	"C1QL3"	"complement C1q like 3"	0.166666666666667	1	0.666666666666667	0.5	0.833333333333333
"1624"	"chr10"	27390322	27390730	409	"*"	0	0	0	1	0	1	1	1	1	1	0	0	1	1	1	1	1	0	0	0	1	0	0	1	1	1	0	0	1	"consensus_2099"	"Promoter"	10	27293045	27389427	96383	2	"22852"	"uc009xku.1"	-895	"ENSG00000107890"	"ANKRD26"	"ankyrin repeat domain 26"	0.166666666666667	0.7	0.666666666666667	0.75	0.5
"1692"	"chr10"	45868644	45869733	1090	"*"	0	1	0	1	0	0	1	1	1	1	0	0	1	1	1	1	1	0	0	1	0	0	1	1	0	0	1	0	1	"consensus_2179"	"Promoter"	10	45869624	45941567	71944	1	"240"	"uc001jce.4"	0	"ENSG00000012779"	"ALOX5"	"arachidonate 5-lipoxygenase"	0.166666666666667	0.9	0.333333333333333	0.25	0.666666666666667
"1781"	"chr10"	73156060	73157026	967	"*"	0	1	0	1	0	0	1	1	0	1	0	0	1	1	1	0	1	0	0	1	0	0	0	1	1	0	0	0	1	"consensus_2321"	"Promoter"	10	73156691	73326693	170003	1	"64072"	"uc001jrv.3"	0	"ENSG00000107736"	"CDH23"	"cadherin related 23"	0.166666666666667	0.7	0.666666666666667	0	0.5
"2014"	"chr10"	106034385	106034828	444	"*"	0	0	0	1	0	0	1	1	1	1	0	1	1	1	1	1	1	0	0	1	1	0	0	0	1	1	1	0	1	"consensus_2619"	"Promoter"	10	106034443	106048815	14373	1	"119391"	"uc010qqw.1"	0	"ENSG00000065621"	"GSTO2"	"glutathione S-transferase omega 2"	0.166666666666667	0.7	0.666666666666667	0.5	0.833333333333333
"2046"	"chr10"	116391602	116392215	614	"*"	0	1	0	1	0	0	1	0	1	1	0	0	1	1	1	1	1	0	1	0	1	1	1	0	1	1	1	0	1	"consensus_2655"	"Promoter"	10	116200776	116392100	191325	2	"3983"	"uc021pze.1"	0	"ENSG00000099204"	"ABLIM1"	"actin binding LIM protein 1"	0.166666666666667	0.8	0.666666666666667	0.75	0.666666666666667
"2135"	"chr11"	308053	308663	611	"*"	0	0	0	1	0	0	0	1	1	1	0	0	1	1	1	1	1	0	0	1	1	0	0	1	0	0	1	0	1	"consensus_2789"	"Promoter"	11	308107	309410	1304	1	"10581"	"uc001lox.4"	0	"ENSG00000185201"	"IFITM2"	"interferon induced transmembrane protein 2"	0.166666666666667	0.7	0.333333333333333	0.25	0.666666666666667
"2137"	"chr11"	369173	370003	831	"*"	0	1	0	1	0	0	1	1	1	1	0	0	0	1	1	0	0	0	0	0	0	0	0	1	1	1	1	0	1	"consensus_2792"	"Promoter"	11	369795	382117	12323	1	"338707"	"uc001lpb.3"	0	"ENSG00000182272"	"B4GALNT4"	"beta-1,4-N-acetyl-galactosaminyltransferase 4"	0.166666666666667	0.7	0.666666666666667	0.25	0.333333333333333
"2218"	"chr11"	6676150	6677365	1216	"*"	0	1	0	1	0	0	1	0	1	1	0	0	1	1	1	0	0	0	0	1	1	0	0	0	1	1	1	0	1	"consensus_2916"	"Promoter"	11	6642558	6677074	34517	2	"8642"	"uc001mem.1"	0	"ENSG00000166341"	"DCHS1"	"dachsous cadherin-related 1"	0	0.7	0.666666666666667	0.25	0.666666666666667
"2222"	"chr11"	7694653	7695661	1009	"*"	0	1	0	1	0	0	0	1	1	1	0	0	1	1	1	0	1	0	1	0	1	0	0	1	0	0	1	0	1	"consensus_2928"	"Promoter"	11	7686326	7694821	8496	2	"51700"	"uc001mfm.3"	0	"ENSG00000166394"	"CYB5R2"	"cytochrome b5 reductase 2"	0.166666666666667	0.8	0.333333333333333	0.25	0.5
"2373"	"chr11"	46939593	46940334	742	"*"	0	1	0	1	0	0	1	1	0	1	0	1	1	1	1	1	1	0	1	0	0	0	0	1	1	1	1	0	1	"consensus_3139"	"Promoter"	11	46878268	46940173	61906	2	"4038"	"uc001ndn.4"	0	"ENSG00000134569"	"LRP4"	"LDL receptor related protein 4"	0.166666666666667	0.8	0.666666666666667	0.75	0.5
"2423"	"chr11"	60718633	60719228	596	"*"	0	1	0	1	0	0	1	0	1	1	0	0	0	1	1	1	0	0	0	0	1	0	0	1	1	1	0	0	1	"consensus_3207"	"Promoter"	11	60704555	60719257	14703	2	"51296"	"uc001nqn.2"	29	"ENSG00000110446"	"SLC15A3"	"solute carrier family 15 member 3"	0	0.7	0.666666666666667	0.5	0.333333333333333
"2670"	"chr11"	72929012	72929714	703	"*"	0	1	0	1	0	0	1	1	1	1	0	0	1	1	1	1	0	0	0	0	1	0	0	0	1	1	1	0	1	"consensus_3512"	"Promoter"	11	72929343	72953472	24130	1	"5029"	"uc001otj.4"	0	"ENSG00000175591"	"P2RY2"	"purinergic receptor P2Y2"	0.166666666666667	0.7	0.666666666666667	0.5	0.5
"2800"	"chr11"	111411258	111411800	543	"*"	0	1	0	1	0	0	1	1	0	1	0	0	1	1	1	1	0	0	1	0	0	0	0	1	1	1	1	0	1	"consensus_3688"	"Promoter"	11	111411233	111432470	21238	1	"143903"	"uc010rwg.2"	25	"ENSG00000204381"	"LAYN"	"layilin"	0.166666666666667	0.7	0.666666666666667	0.75	0.333333333333333
"2996"	"chr12"	6756383	6756770	388	"*"	0	1	0	1	0	0	0	0	0	1	0	0	0	1	1	0	1	0	0	0	0	0	1	1	1	1	1	0	1	"consensus_3954"	"Promoter"	12	6747242	6756580	9339	2	"84519"	"uc001qpu.1"	0	"ENSG00000111644"	"ACRBP"	"acrosin binding protein"	0	0.7	0.666666666666667	0.25	0.333333333333333
"3017"	"chr12"	7074162	7074540	379	"*"	0	0	0	1	0	0	1	0	1	1	0	0	1	1	1	0	1	0	1	1	1	0	1	0	1	0	0	0	1	"consensus_3979"	"Promoter"	12	7073260	7073354	95	1	"406933"	"uc009zfm.2"	902	"ENSG00000207708"	"MIR141"	"microRNA 141"	0	0.7	0.666666666666667	0.25	0.666666666666667
"3130"	"chr12"	30948453	30949730	1278	"*"	0	1	0	1	0	0	1	1	1	1	0	0	1	1	1	1	1	0	1	1	0	0	0	0	0	1	1	0	1	"consensus_4126"	"Promoter"	12	30948615	30955645	7031	1	"100287314"	"uc001rjo.2"	0	NA	"LINC00941"	"long intergenic non-protein coding RNA 941"	0.166666666666667	0.7	0.333333333333333	0.75	0.666666666666667
"3135"	"chr12"	31743466	31744314	849	"*"	0	0	0	1	0	0	1	1	1	1	0	1	1	1	1	1	1	0	0	1	1	0	0	1	1	1	1	0	0	"consensus_4133"	"Promoter"	12	31535157	31743952	208796	2	"160518"	"uc001rki.1"	0	"ENSG00000170456"	"DENND5B"	"DENN domain containing 5B"	0.166666666666667	0.7	0.666666666666667	0.5	0.833333333333333
"3157"	"chr12"	42983205	42983842	638	"*"	0	1	0	1	0	0	1	1	1	1	0	0	1	1	1	1	0	0	1	0	0	0	0	0	1	1	1	0	1	"consensus_4160"	"Promoter"	12	42852140	42983572	131433	2	"144165"	"uc001rnm.3"	0	"ENSG00000139174"	"PRICKLE1"	"prickle planar cell polarity protein 1"	0.166666666666667	0.7	0.666666666666667	0.75	0.333333333333333
"3300"	"chr12"	54812445	54813292	848	"*"	0	1	0	1	0	0	1	0	1	0	0	0	1	1	1	1	1	0	0	1	1	0	1	1	0	1	1	0	1	"consensus_4340"	"Promoter"	12	54789045	54813050	24006	2	"3678"	"uc001sga.3"	0	"ENSG00000161638"	"ITGA5"	"integrin subunit alpha 5"	0	0.8	0.333333333333333	0.5	0.833333333333333
"3361"	"chr12"	57609961	57610728	768	"*"	0	0	0	1	0	0	1	1	1	1	0	0	1	1	1	1	1	0	0	1	0	0	1	0	1	1	1	0	1	"consensus_4415"	"Promoter"	12	57610578	57620232	9655	1	"11247"	"uc009zpj.4"	0	"ENSG00000182379"	"NXPH4"	"neurexophilin 4"	0.166666666666667	0.7	0.666666666666667	0.5	0.666666666666667
"3412"	"chr12"	65672688	65673281	594	"*"	0	1	0	1	0	0	1	1	0	1	0	0	1	1	1	0	0	0	0	1	0	0	1	1	1	0	1	0	1	"consensus_4482"	"Promoter"	12	65672767	65860687	187921	1	"253827"	"uc021qzy.1"	0	"ENSG00000174099"	"MSRB3"	"methionine sulfoxide reductase B3"	0.166666666666667	0.8	0.666666666666667	0	0.5
"3454"	"chr12"	82152462	82153429	968	"*"	0	1	0	1	0	0	1	1	1	1	0	0	1	1	1	1	0	0	1	0	1	0	0	0	0	1	1	0	1	"consensus_4540"	"Promoter"	12	81652045	82152474	500430	2	"8499"	"uc031qiq.1"	0	"ENSG00000139220"	"PPFIA2"	"PTPRF interacting protein alpha 2"	0.166666666666667	0.7	0.333333333333333	0.75	0.5
"3671"	"chr12"	123214778	123215151	374	"*"	0	0	0	1	0	0	0	0	1	0	0	1	1	1	1	1	1	0	0	0	0	0	0	1	0	0	0	0	1	"consensus_4832"	"Promoter"	12	123212153	123215129	2977	2	"27198"	"uc001ucz.3"	0	"ENSG00000196917"	"HCAR1"	"hydroxycarboxylic acid receptor 1"	0	0.7	0.333333333333333	0.25	0.166666666666667
"3754"	"chr13"	25254486	25255014	529	"*"	0	1	0	1	0	0	0	1	1	1	0	0	1	1	1	1	1	0	1	0	1	0	0	0	0	1	1	0	1	"consensus_4954"	"Promoter"	13	25254549	25285923	31375	1	"479"	"uc001upp.3"	0	"ENSG00000075673"	"ATP12A"	"ATPase H+/K+ transporting non-gastric alpha2 subunit"	0.166666666666667	0.7	0.333333333333333	0.75	0.5
"3787"	"chr13"	33590241	33592052	1812	"*"	0	0	0	1	0	0	1	1	0	1	0	0	1	1	1	1	1	0	1	0	1	0	1	1	1	1	1	0	1	"consensus_4996"	"Promoter"	13	33590571	33640282	49712	1	"9365"	"uc001uus.3"	0	"ENSG00000133116"	"KL"	"klotho"	0.166666666666667	0.7	0.666666666666667	0.75	0.666666666666667
"3926"	"chr13"	103054697	103054972	276	"*"	0	0	0	1	0	1	1	1	1	1	0	0	1	1	1	1	1	0	0	1	1	0	1	1	1	1	1	0	0	"consensus_5201"	"Promoter"	13	102373205	103054124	680920	2	"2259"	"uc001vpf.2"	-573	"ENSG00000102466"	"FGF14"	"fibroblast growth factor 14"	0.166666666666667	0.7	0.666666666666667	0.75	0.833333333333333
"4016"	"chr14"	23821669	23822281	613	"*"	0	1	0	1	0	0	1	1	1	1	0	0	1	1	1	1	1	0	0	0	1	0	0	0	1	1	0	0	1	"consensus_5317"	"Promoter"	14	23815527	23822080	6554	2	"51310"	"uc001wjm.3"	0	"ENSG00000092096"	"SLC22A17"	"solute carrier family 22 member 17"	0.166666666666667	0.7	0.666666666666667	0.5	0.5
"4142"	"chr14"	55034356	55034814	459	"*"	0	0	0	1	0	0	0	1	1	1	0	0	1	1	1	0	1	0	0	0	1	0	0	1	0	1	0	0	1	"consensus_5475"	"Promoter"	14	55034330	55260033	225704	1	"23034"	"uc001xbc.3"	26	"ENSG00000020577"	"SAMD4A"	"sterile alpha motif domain containing 4A"	0.166666666666667	0.7	0.333333333333333	0.25	0.333333333333333
"4361"	"chr14"	96505253	96506182	930	"*"	0	1	0	1	0	0	1	1	1	1	0	0	0	1	1	1	1	0	1	1	1	0	1	0	1	0	1	0	1	"consensus_5755"	"Promoter"	14	96505661	96560226	54566	1	"56967"	"uc001yff.4"	0	"ENSG00000227051"	"C14orf132"	"chromosome 14 open reading frame 132"	0.166666666666667	0.7	0.666666666666667	0.5	0.833333333333333
"4381"	"chr14"	101317489	101317893	405	"*"	0	0	0	1	0	0	0	1	1	1	0	1	1	1	1	0	0	0	0	1	1	0	1	1	1	1	0	0	1	"consensus_5785"	"Promoter"	14	101318727	101318824	98	1	"768222"	"uc021sbz.1"	-834	"ENSG00000211574"	"MIR770"	"microRNA 770"	0.166666666666667	0.9	0.666666666666667	0.25	0.333333333333333
"4480"	"chr15"	40530987	40531609	623	"*"	0	0	0	1	0	0	1	1	1	1	0	1	1	1	1	0	0	0	0	1	0	0	0	0	1	1	1	0	1	"consensus_5932"	"Promoter"	15	40531292	40569688	38397	1	"56924"	"uc001zky.4"	0	"ENSG00000137843"	"PAK6"	"p21 (RAC1) activated kinase 6"	0.166666666666667	0.7	0.666666666666667	0.25	0.5
"4537"	"chr15"	43668307	43668640	334	"*"	0	0	0	1	1	1	1	1	1	1	0	0	1	1	1	1	0	0	1	0	0	0	0	1	1	1	0	0	1	"consensus_6001"	"Promoter"	15	43668701	43698240	29540	1	"27229"	"uc010bdh.3"	-61	"ENSG00000137822"	"TUBGCP4"	"tubulin gamma complex associated protein 4"	0.166666666666667	0.7	1	1	0.166666666666667
"4648"	"chr15"	64443651	64444660	1010	"*"	0	1	0	1	0	0	1	1	0	1	0	0	1	1	1	1	1	0	0	1	0	0	1	1	1	1	1	0	1	"consensus_6138"	"Promoter"	15	64443916	64447087	3172	1	"79856"	"uc002amz.1"	0	"ENSG00000157734"	"SNX22"	"sorting nexin 22"	0.166666666666667	0.8	0.666666666666667	0.5	0.666666666666667
"4740"	"chr15"	75628205	75628810	606	"*"	0	0	0	1	0	0	1	1	1	1	0	1	1	1	1	1	1	0	0	1	1	0	1	1	1	1	1	0	1	"consensus_6264"	"Promoter"	15	75628374	75632219	3846	1	"54939"	"uc010umf.1"	0	"ENSG00000140365"	"COMMD4"	"COMM domain containing 4"	0.166666666666667	0.9	0.666666666666667	0.5	0.833333333333333
"4795"	"chr15"	83316113	83317055	943	"*"	0	1	0	1	0	0	1	1	1	1	0	0	1	1	1	1	0	0	1	0	1	0	0	1	1	1	1	0	1	"consensus_6344"	"Promoter"	15	83316521	83361572	45052	1	"283692"	"uc031qtd.1"	0	"ENSG00000259462"	"CPEB1-AS1"	"CPEB1 antisense RNA 1"	0.166666666666667	0.8	0.666666666666667	0.75	0.5
"4937"	"chr16"	1383092	1383814	723	"*"	0	1	0	1	0	0	1	1	0	1	0	1	1	1	1	1	1	0	1	1	1	0	0	0	1	1	1	0	1	"consensus_6539"	"Promoter"	16	1383606	1399442	15837	1	"8938"	"uc002clj.3"	0	"ENSG00000007516"	"BAIAP3"	"BAI1 associated protein 3"	0.166666666666667	0.7	0.666666666666667	0.75	0.833333333333333
"5015"	"chr16"	3627208	3627647	440	"*"	0	0	0	1	0	0	1	1	0	1	0	0	1	1	1	1	1	0	0	1	1	0	1	1	1	1	1	0	1	"consensus_6642"	"Promoter"	16	3589036	3627392	38357	2	"197358"	"uc010btn.3"	0	"ENSG00000167984"	"NLRC3"	"NLR family CARD domain containing 3"	0.166666666666667	0.7	0.666666666666667	0.5	0.833333333333333
"5086"	"chr16"	15528048	15528974	927	"*"	0	0	0	1	0	0	1	1	1	1	0	1	1	1	1	1	1	0	0	1	1	0	0	1	1	1	1	0	1	"consensus_6730"	"Promoter"	16	15528325	15682116	153792	1	"89927"	"uc002ddo.3"	0	"ENSG00000166780"	"BMERB1"	"bMERB domain containing 1"	0.166666666666667	0.8	0.666666666666667	0.5	0.833333333333333
"5165"	"chr16"	29086219	29086642	424	"*"	0	0	0	1	0	0	1	0	1	1	0	1	1	1	1	1	1	0	0	1	1	0	1	1	1	1	1	0	1	"consensus_6827"	"Promoter"	16	29086163	29128038	41876	1	"653390"	"uc010vdn.2"	56	"ENSG00000103472"	"RRN3P2"	"RRN3 homolog, RNA polymerase I transcription factor pseudogene 2"	0	0.9	0.666666666666667	0.5	0.833333333333333
"5221"	"chr16"	30797715	30798479	765	"*"	0	1	0	1	0	0	1	1	0	1	0	1	1	1	1	1	0	0	0	1	0	0	0	1	1	1	1	0	1	"consensus_6899"	"Promoter"	16	30789770	30798523	8754	2	"23361"	"uc002dzs.1"	44	"ENSG00000102870"	"ZNF629"	"zinc finger protein 629"	0.166666666666667	0.8	0.666666666666667	0.5	0.5
"5243"	"chr16"	31438829	31439347	519	"*"	0	1	0	1	0	0	0	0	1	1	1	0	1	1	0	1	0	0	1	1	1	0	0	1	1	1	1	0	1	"consensus_6931"	"Promoter"	16	31439052	31439749	698	2	"1339"	"uc002ebx.2"	402	"ENSG00000156885"	"COX6A2"	"cytochrome c oxidase subunit 6A2"	0.166666666666667	0.8	0.333333333333333	0.75	0.5
"5261"	"chr16"	48190635	48191003	369	"*"	0	1	0	1	0	0	1	1	1	1	0	1	1	1	1	1	1	0	1	1	1	0	1	0	1	1	1	0	1	"consensus_6959"	"Promoter"	16	48167598	48189929	22332	2	"94160"	"uc010vgj.1"	-706	"ENSG00000140798"	"ABCC12"	"ATP binding cassette subfamily C member 12"	0.166666666666667	0.9	0.666666666666667	0.75	0.833333333333333
"5435"	"chr16"	73091623	73092430	808	"*"	0	1	0	1	0	0	0	0	1	1	0	0	1	1	0	0	0	0	0	0	0	1	0	0	0	1	1	0	1	"consensus_7191"	"Promoter"	16	72816786	73092534	275749	2	"463"	"uc002fcl.3"	104	"ENSG00000140836"	"ZFHX3"	"zinc finger homeobox 3"	0.166666666666667	0.7	0	0.25	0.166666666666667
"5505"	"chr16"	88536022	88536474	453	"*"	0	0	0	1	1	0	1	1	1	1	0	0	1	1	1	1	0	0	0	0	0	0	1	1	1	1	0	0	1	"consensus_7286"	"Promoter"	16	88535326	88535439	114	1	"100847057"	"uc031qxh.1"	696	"ENSG00000263456"	"MIR5189"	"microRNA 5189"	0.166666666666667	0.8	1	0.5	0.166666666666667
"5545"	"chr16"	90085752	90086240	489	"*"	0	1	0	1	0	0	1	1	0	1	0	0	1	1	1	1	1	0	0	0	1	0	0	1	1	1	1	0	1	"consensus_7345"	"Promoter"	16	90086069	90111379	25311	1	"2622"	"uc002fqh.2"	0	"ENSG00000141013"	"GAS8"	"growth arrest specific 8"	0.166666666666667	0.7	0.666666666666667	0.5	0.666666666666667
"5684"	"chr17"	7492603	7492988	386	"*"	0	1	0	1	0	0	1	1	0	1	0	0	1	1	1	1	1	0	0	1	1	0	0	1	1	1	1	0	1	"consensus_7523"	"Promoter"	17	7491498	7493390	1893	2	"6665"	"uc002ghy.1"	402	"ENSG00000129194"	"SOX15"	"SRY-box transcription factor 15"	0.166666666666667	0.7	0.666666666666667	0.5	0.833333333333333
"5727"	"chr17"	10101409	10102653	1245	"*"	0	1	0	1	0	0	1	0	1	0	0	0	1	1	1	1	1	0	1	1	1	1	1	1	1	1	1	0	1	"consensus_7579"	"Promoter"	17	9813926	10101868	287943	2	"8522"	"uc002gmg.1"	0	"ENSG00000007237"	"GAS7"	"growth arrest specific 7"	0.166666666666667	0.8	0.666666666666667	0.75	0.833333333333333
"5826"	"chr17"	26732705	26733420	716	"*"	0	0	0	1	0	0	1	1	0	1	0	1	1	1	1	1	1	0	0	1	1	0	0	1	1	1	1	0	1	"consensus_7696"	"Promoter"	17	26721661	26733230	11570	2	"113235"	"uc002hbf.2"	0	"ENSG00000076351"	"SLC46A1"	"solute carrier family 46 member 1"	0.166666666666667	0.7	0.666666666666667	0.5	0.833333333333333
"5906"	"chr17"	34058349	34059186	838	"*"	0	1	0	1	0	0	1	1	1	1	0	0	1	1	1	1	1	0	0	1	1	0	0	1	1	1	1	0	0	"consensus_7804"	"Promoter"	17	34058679	34070540	11862	1	"91608"	"uc002hju.3"	0	"ENSG00000270885"	"RASL10B"	"RAS like family 10 member B"	0.166666666666667	0.7	0.666666666666667	0.5	0.833333333333333
"5926"	"chr17"	36584413	36585141	729	"*"	0	1	0	1	0	0	1	1	1	1	0	1	1	1	1	0	1	0	0	1	1	0	0	0	1	1	1	0	1	"consensus_7831"	"Promoter"	17	36584720	36668628	83909	1	"57636"	"uc021twd.1"	0	"ENSG00000275832"	"ARHGAP23"	"Rho GTPase activating protein 23"	0.166666666666667	0.8	0.666666666666667	0.25	0.833333333333333
"6068"	"chr17"	42836007	42836917	911	"*"	0	1	0	1	0	0	1	1	1	1	0	0	1	1	1	1	0	0	0	1	1	0	0	1	1	1	1	0	1	"consensus_8004"	"Promoter"	17	42836568	42859214	22647	1	"4185"	"uc002ihh.3"	0	"ENSG00000073670"	"ADAM11"	"ADAM metallopeptidase domain 11"	0.166666666666667	0.8	0.666666666666667	0.5	0.666666666666667
"6094"	"chr17"	44895951	44896503	553	"*"	0	0	0	1	0	0	1	1	1	1	0	0	1	0	1	1	1	0	1	1	1	0	1	1	1	1	0	0	1	"consensus_8036"	"Promoter"	17	44839872	44896126	56255	2	"7473"	"uc002ikv.3"	0	"ENSG00000108379"	"WNT3"	"Wnt family member 3"	0.166666666666667	0.7	0.666666666666667	0.75	0.666666666666667
"6229"	"chr17"	59488171	59488547	377	"*"	0	1	0	1	0	0	1	1	1	1	0	0	1	1	1	1	1	0	1	1	1	0	0	1	1	1	1	0	1	"consensus_8211"	"Promoter"	17	59489112	59490641	1530	1	"388407"	"uc002izh.1"	-565	"ENSG00000187013"	"C17orf82"	"chromosome 17 open reading frame 82"	0.166666666666667	0.8	0.666666666666667	0.75	0.833333333333333
"6357"	"chr17"	73996522	73996882	361	"*"	0	0	0	1	0	0	0	1	1	1	0	0	1	1	0	1	0	0	0	1	1	0	1	0	1	1	1	0	1	"consensus_8383"	"Promoter"	17	73996987	74002080	5094	1	"1018"	"uc010dgt.3"	-105	"ENSG00000250506"	"CDK3"	"cyclin dependent kinase 3"	0.166666666666667	0.7	0.333333333333333	0.5	0.5
"6382"	"chr17"	75315168	75315765	598	"*"	0	0	0	1	1	0	1	1	1	1	0	0	1	1	1	1	1	0	0	1	1	0	1	1	1	1	1	0	1	"consensus_8422"	"Promoter"	17	75315597	75496678	181082	1	"10801"	"uc002jtu.4"	0	"ENSG00000184640"	"SEPTIN9"	"septin 9"	0.166666666666667	0.8	1	0.5	0.833333333333333
"6449"	"chr17"	79884538	79884874	337	"*"	0	0	0	1	1	0	1	1	1	1	0	0	1	1	0	0	1	0	0	0	0	0	0	1	1	0	0	0	1	"consensus_8507"	"Promoter"	17	79876145	79885587	9443	2	"4097"	"uc002kcn.3"	713	"ENSG00000197063"	"MAFG"	"MAF bZIP transcription factor G"	0.166666666666667	0.7	0.666666666666667	0	0.333333333333333
"6505"	"chr18"	8367211	8367619	409	"*"	0	0	0	1	0	0	1	1	1	1	0	1	0	1	1	0	0	0	0	1	1	0	1	0	1	1	0	0	1	"consensus_8586"	"Promoter"	18	8360818	8367032	6215	2	"100192426"	"uc010wzm.1"	-179	"ENSG00000266149"	"LOC100192426"	"uncharacterized LOC100192426"	0.166666666666667	0.7	0.666666666666667	0.25	0.5
"6521"	"chr18"	12307887	12308828	942	"*"	0	1	0	1	0	0	0	1	1	0	0	0	1	1	1	0	0	0	0	0	0	0	0	1	0	0	1	0	1	"consensus_8609"	"Promoter"	18	12308240	12326568	18329	1	"84617"	"uc002kqv.3"	0	"ENSG00000176014"	"TUBB6"	"tubulin beta 6 class V"	0.166666666666667	0.7	0.333333333333333	0	0.166666666666667
"6564"	"chr18"	29077684	29078550	867	"*"	0	1	0	1	0	0	1	1	1	1	0	0	0	1	1	0	0	0	1	0	1	0	1	0	0	1	0	0	1	"consensus_8672"	"Promoter"	18	29078027	29128814	50788	1	"1829"	"uc002kwu.4"	0	"ENSG00000046604"	"DSG2"	"desmoglein 2"	0.166666666666667	0.7	0.333333333333333	0.5	0.333333333333333
"6727"	"chr19"	1248326	1248672	347	"*"	0	0	0	1	0	0	0	0	0	1	0	0	1	1	1	1	0	0	0	1	0	0	1	1	1	1	1	0	1	"consensus_8927"	"Promoter"	19	1248552	1259142	10591	1	"90007"	"uc002lrp.3"	0	"ENSG00000167470"	"MIDN"	"midnolin"	0	0.7	0.666666666666667	0.5	0.333333333333333
"6781"	"chr19"	3028890	3029462	573	"*"	0	1	0	1	0	0	1	0	0	1	0	0	1	1	1	1	1	0	0	1	0	0	0	1	1	1	1	0	1	"consensus_8996"	"Promoter"	19	2997636	3029165	31530	2	"7089"	"uc002lww.3"	0	"ENSG00000065717"	"TLE2"	"TLE family member 2, transcriptional corepressor"	0	0.7	0.666666666666667	0.5	0.666666666666667
"6871"	"chr19"	7570786	7571632	847	"*"	0	0	0	1	0	0	1	1	1	0	0	0	1	1	1	1	1	0	1	0	1	0	1	1	1	1	1	0	1	"consensus_9114"	"Promoter"	19	7570403	7571586	1184	1	"374877"	"uc010xjo.1"	383	"ENSG00000198723"	"TEX45"	"testis expressed 45"	0.166666666666667	0.7	0.666666666666667	0.75	0.666666666666667
"6978"	"chr19"	12162974	12164045	1072	"*"	0	0	0	1	1	0	1	1	1	1	0	0	1	1	1	1	0	0	0	1	1	0	1	1	1	1	1	0	1	"consensus_9252"	"Promoter"	19	12154620	12163782	9163	2	"729747"	"uc021upl.1"	0	"ENSG00000257446"	"ZNF878"	"zinc finger protein 878"	0.166666666666667	0.8	1	0.5	0.666666666666667
"6983"	"chr19"	12266615	12267809	1195	"*"	0	0	0	1	0	0	1	0	0	1	0	0	1	1	1	1	0	0	1	1	1	0	1	1	1	1	0	0	1	"consensus_9258"	"Promoter"	19	12242168	12267546	25379	2	"100529855"	"uc002mtg.2"	0	NA	"ZNF625-ZNF20"	"ZNF625-ZNF20 readthrough (NMD candidate)"	0	0.7	0.666666666666667	0.75	0.5
"7102"	"chr19"	17982780	17983741	962	"*"	0	0	0	1	0	0	1	1	0	1	0	0	1	1	1	1	0	0	0	1	1	0	1	1	1	1	1	0	1	"consensus_9426"	"Promoter"	19	17982782	18005983	23202	1	"6528"	"uc002nhr.4"	0	"ENSG00000105641"	"SLC5A5"	"solute carrier family 5 member 5"	0.166666666666667	0.7	0.666666666666667	0.5	0.666666666666667
"7170"	"chr19"	21665622	21666203	582	"*"	0	1	0	1	1	1	1	1	1	1	0	1	1	1	1	1	1	0	0	1	0	0	0	1	1	1	1	0	1	"consensus_9510"	"Promoter"	19	21666176	21682696	16521	1	"400680"	"uc002nqa.3"	0	"ENSG00000268658"	"LINC00664"	"long intergenic non-protein coding RNA 664"	0.166666666666667	0.9	1	0.75	0.666666666666667
"7226"	"chr19"	35626210	35626661	452	"*"	0	1	0	1	1	0	1	1	1	1	0	1	1	1	1	0	0	0	1	1	1	0	1	1	1	1	1	0	1	"consensus_9582"	"Promoter"	19	35621991	35626178	4188	2	"163175"	"uc002nya.3"	-32	"ENSG00000153902"	"LGI4"	"leucine rich repeat LGI family member 4"	0.166666666666667	1	1	0.5	0.666666666666667
"7240"	"chr19"	36164043	36164791	749	"*"	0	0	0	1	1	0	1	1	0	1	0	1	1	1	1	1	1	0	1	1	1	0	1	1	1	1	1	0	1	"consensus_9601"	"Promoter"	19	36158850	36164193	5344	2	"100862728"	"uc002oax.1"	0	"ENSG00000226510"	"UPK1A-AS1"	"UPK1A antisense RNA 1"	0.166666666666667	0.8	1	0.75	0.833333333333333
"7375"	"chr19"	41882184	41882779	596	"*"	0	0	0	1	0	0	1	1	1	1	0	0	1	1	1	1	0	0	0	1	1	0	1	0	1	1	1	0	1	"consensus_9762"	"Promoter"	19	41882438	41930910	48473	1	"593"	"uc002oqm.4"	0	"ENSG00000248098"	"BCKDHA"	"branched chain keto acid dehydrogenase E1 subunit alpha"	0.166666666666667	0.7	0.666666666666667	0.5	0.666666666666667
"7382"	"chr19"	42386973	42387476	504	"*"	0	0	0	1	0	0	1	1	0	1	0	1	1	1	1	0	1	0	0	0	1	0	1	1	1	1	1	0	1	"consensus_9771"	"Promoter"	19	42387267	42400870	13604	1	"9138"	"uc002orw.1"	0	"ENSG00000076928"	"ARHGEF1"	"Rho guanine nucleotide exchange factor 1"	0.166666666666667	0.8	0.666666666666667	0.25	0.666666666666667
"7443"	"chr19"	45430356	45430705	350	"*"	0	0	0	1	0	0	1	0	1	1	0	0	1	1	1	1	0	0	0	1	0	0	1	1	1	1	1	0	1	"consensus_9847"	"Promoter"	19	45430060	45434643	4584	1	"342"	"uc021uvm.1"	296	"ENSG00000214855"	"APOC1P1"	"apolipoprotein C1 pseudogene 1"	0	0.8	0.666666666666667	0.5	0.5
"7567"	"chr19"	49925610	49926030	421	"*"	0	1	0	1	0	0	1	1	1	1	0	0	1	1	1	1	1	0	0	1	1	0	0	0	1	1	1	0	1	"consensus_10015"	"Promoter"	19	49925671	49926698	1028	2	"113091"	"uc002pnn.1"	668	"ENSG00000142538"	"PTH2"	"parathyroid hormone 2"	0.166666666666667	0.7	0.666666666666667	0.5	0.833333333333333
"7576"	"chr19"	50016072	50017077	1006	"*"	0	1	0	1	0	0	1	1	1	1	0	1	1	1	1	1	1	0	0	1	1	0	1	1	1	1	1	0	1	"consensus_10028"	"Promoter"	19	50016436	50029685	13250	1	"2217"	"uc002pog.2"	0	"ENSG00000104870"	"FCGRT"	"Fc fragment of IgG receptor and transporter"	0.166666666666667	1	0.666666666666667	0.5	0.833333333333333
"7782"	"chr2"	946093	946896	804	"*"	0	1	0	1	0	0	1	1	1	1	0	0	1	1	1	1	1	0	1	0	0	0	0	1	0	1	0	0	1	"consensus_10295"	"Promoter"	2	946554	1157357	210804	1	"54221"	"uc002qwp.3"	0	"ENSG00000172554"	"SNTG2"	"syntrophin gamma 2"	0.166666666666667	0.8	0.333333333333333	0.75	0.333333333333333
"8164"	"chr2"	88469532	88470082	551	"*"	0	1	0	1	0	0	1	1	0	1	0	0	1	1	1	1	1	0	1	1	1	0	1	0	1	1	1	0	1	"consensus_10802"	"Promoter"	2	88469814	88486156	16343	1	"55258"	"uc002ssw.4"	0	"ENSG00000144115"	"THNSL2"	"threonine synthase like 2"	0.166666666666667	0.7	0.666666666666667	0.75	0.833333333333333
"8225"	"chr2"	102803806	102804641	836	"*"	0	0	0	1	0	0	1	1	1	1	0	1	1	1	1	1	1	0	0	1	0	0	1	0	1	1	1	0	1	"consensus_10883"	"Promoter"	2	102803466	102855811	52346	1	"8808"	"uc002tbt.3"	340	"ENSG00000115598"	"IL1RL2"	"interleukin 1 receptor like 2"	0.166666666666667	0.8	0.666666666666667	0.5	0.666666666666667
"8248"	"chr2"	111489924	111490722	799	"*"	0	1	0	1	0	0	1	1	1	1	0	0	1	1	1	1	1	0	0	1	1	0	0	0	1	1	0	0	1	"consensus_10918"	"Promoter"	2	111490150	111875799	385650	1	"55289"	"uc010yxk.1"	0	"ENSG00000153093"	"ACOXL"	"acyl-CoA oxidase like"	0.166666666666667	0.7	0.666666666666667	0.5	0.666666666666667
"8361"	"chr2"	159824858	159825816	959	"*"	0	1	0	1	0	0	1	1	1	1	0	0	1	1	1	1	0	0	0	0	0	0	0	0	1	1	0	0	1	"consensus_11082"	"Promoter"	2	159825146	160035674	210529	1	"85461"	"uc010fol.1"	0	"ENSG00000115183"	"TANC1"	"tetratricopeptide repeat, ankyrin repeat and coiled-coil containing 1"	0.166666666666667	0.7	0.666666666666667	0.5	0.166666666666667
"8366"	"chr2"	160654325	160654883	559	"*"	0	1	0	1	0	0	1	1	1	1	0	0	1	1	0	0	0	0	1	0	0	0	0	1	1	1	1	0	1	"consensus_11088"	"Promoter"	2	160625139	160654766	29628	2	"9936"	"uc002uba.3"	0	"ENSG00000241399"	"CD302"	"CD302 molecule"	0.166666666666667	0.8	0.333333333333333	0.5	0.333333333333333
"8389"	"chr2"	170218899	170219469	571	"*"	0	1	0	1	0	0	1	1	1	1	0	0	1	1	0	0	1	0	1	0	1	0	1	0	0	0	1	0	1	"consensus_11123"	"Promoter"	2	169983619	170219122	235504	2	"4036"	"uc002ues.3"	0	"ENSG00000081479"	"LRP2"	"LDL receptor related protein 2"	0.166666666666667	0.8	0	0.25	0.666666666666667
"8555"	"chr2"	207307907	207308837	931	"*"	0	1	0	1	0	0	1	1	1	1	0	0	1	1	1	1	1	0	0	0	1	0	0	1	1	1	1	0	1	"consensus_11348"	"Promoter"	2	207308368	207485854	177487	1	"8745"	"uc002vbq.4"	0	"ENSG00000114948"	"ADAM23"	"ADAM metallopeptidase domain 23"	0.166666666666667	0.8	0.666666666666667	0.5	0.666666666666667
"8585"	"chr2"	218621244	218621662	419	"*"	0	1	0	1	0	0	1	1	1	1	0	0	1	1	1	1	1	0	1	0	0	0	1	0	1	1	1	0	1	"consensus_11395"	"Promoter"	2	218148746	218621316	472571	2	"729582"	"uc002vgo.3"	0	NA	"DIRC3"	"disrupted in renal carcinoma 3"	0.166666666666667	0.8	0.666666666666667	0.75	0.5
"8691"	"chr2"	236402331	236402985	655	"*"	0	1	0	1	0	0	1	1	1	1	0	0	1	1	1	0	1	0	1	0	0	0	0	0	1	1	0	0	1	"consensus_11542"	"Promoter"	2	236402733	236761846	359114	1	"116987"	"uc021vyp.1"	0	"ENSG00000157985"	"AGAP1"	"ArfGAP with GTPase domain, ankyrin repeat and PH domain 1"	0.166666666666667	0.7	0.666666666666667	0.5	0.333333333333333
"8719"	"chr2"	242003230	242003831	602	"*"	0	1	0	1	0	0	1	1	1	1	0	1	1	1	1	1	1	0	0	1	1	0	1	0	1	1	1	0	1	"consensus_11590"	"Promoter"	2	242003429	242033643	30215	1	"25992"	"uc002waj.1"	0	"ENSG00000162804"	"SNED1"	"sushi, nidogen and EGF like domains 1"	0.166666666666667	0.9	0.666666666666667	0.5	0.833333333333333
"8802"	"chr20"	6103490	6103997	508	"*"	0	0	0	1	0	0	0	1	1	1	0	0	0	1	0	0	1	0	1	1	0	0	1	1	0	0	0	0	1	"consensus_11702"	"Promoter"	20	6055492	6104191	48700	2	"55612"	"uc002wmr.3"	194	"ENSG00000101311"	"FERMT1"	"fermitin family member 1"	0.166666666666667	0.7	0	0.25	0.333333333333333
"8942"	"chr20"	35974084	35975205	1122	"*"	0	1	0	1	0	0	1	1	1	1	0	0	1	1	1	1	1	0	1	1	1	0	1	0	1	1	1	0	1	"consensus_11892"	"Promoter"	20	35974557	36033821	59265	1	"6714"	"uc002xgy.3"	0	"ENSG00000197122"	"SRC"	"SRC proto-oncogene, non-receptor tyrosine kinase"	0.166666666666667	0.8	0.666666666666667	0.75	0.833333333333333
"8961"	"chr20"	39969180	39969595	416	"*"	0	1	0	1	0	0	1	1	1	1	0	1	1	1	1	1	1	0	1	1	1	0	1	1	1	1	1	0	1	"consensus_11914"	"Promoter"	20	39969560	39989222	19663	1	"64900"	"uc002xjx.3"	0	"ENSG00000132793"	"LPIN3"	"lipin 3"	0.166666666666667	1	0.666666666666667	0.75	0.833333333333333
"8997"	"chr20"	44650277	44651042	766	"*"	0	1	0	1	0	0	1	1	1	1	0	0	1	1	1	1	1	0	0	1	1	0	0	1	1	0	1	0	1	"consensus_11964"	"Promoter"	20	44650329	44688789	38461	1	"57468"	"uc010zxl.1"	0	"ENSG00000124140"	"SLC12A5"	"solute carrier family 12 member 5"	0.166666666666667	0.8	0.666666666666667	0.25	0.833333333333333
"9036"	"chr20"	50383616	50384521	906	"*"	0	1	0	1	0	0	1	1	1	1	0	0	1	1	0	1	1	0	0	0	0	0	0	0	0	1	1	0	1	"consensus_12013"	"Promoter"	20	50213314	50384908	171595	2	"10079"	"uc002xwg.1"	387	"ENSG00000054793"	"ATP9A"	"ATPase phospholipid transporting 9A (putative)"	0.166666666666667	0.7	0	0.5	0.5
"9038"	"chr20"	51588549	51589206	658	"*"	0	0	0	1	0	0	1	1	1	1	0	0	1	1	1	1	1	0	0	0	0	0	1	0	1	1	0	0	1	"consensus_12018"	"Promoter"	20	51588946	52111869	522924	1	"128553"	"uc002xwo.3"	0	"ENSG00000182463"	"TSHZ2"	"teashirt zinc finger homeobox 2"	0.166666666666667	0.7	0.666666666666667	0.5	0.333333333333333
"9102"	"chr20"	62130138	62130765	628	"*"	0	1	0	1	0	0	1	1	1	1	0	0	1	1	1	1	1	0	1	1	1	0	0	1	1	1	1	0	1	"consensus_12120"	"Promoter"	20	62119365	62130668	11304	2	"1917"	"uc002yfe.2"	0	"ENSG00000101210"	"EEF1A2"	"eukaryotic translation elongation factor 1 alpha 2"	0.166666666666667	0.8	0.666666666666667	0.75	0.833333333333333
"9124"	"chr20"	62680327	62681029	703	"*"	0	1	0	1	0	0	1	1	1	1	0	0	1	1	1	1	1	0	0	1	0	0	0	0	1	0	0	0	1	"consensus_12152"	"Promoter"	20	62679079	62680979	1901	2	"54345"	"uc002yhs.3"	0	"ENSG00000203883"	"SOX18"	"SRY-box transcription factor 18"	0.166666666666667	0.7	0.666666666666667	0.25	0.5
"9201"	"chr21"	38378594	38379497	904	"*"	0	1	0	1	0	0	1	1	1	1	0	1	0	1	0	1	0	0	0	0	0	0	1	0	1	1	0	0	1	"consensus_12262"	"Promoter"	21	38378863	38391958	13096	1	"53820"	"uc002yvv.3"	0	"ENSG00000183145"	"RIPPLY3"	"ripply transcriptional repressor 3"	0.166666666666667	0.8	0.333333333333333	0.5	0.166666666666667
"9301"	"chr22"	18957708	18958347	640	"*"	0	1	0	1	0	0	1	1	1	1	0	0	1	1	1	1	0	0	0	0	0	0	0	1	1	0	0	0	1	"consensus_12403"	"Promoter"	22	18958011	18982142	24132	1	"26220"	"uc021wku.1"	0	"ENSG00000273032"	"DGCR5"	"DiGeorge syndrome critical region gene 5"	0.166666666666667	0.8	0.666666666666667	0.25	0.166666666666667
"9356"	"chr22"	22901530	22901890	361	"*"	0	0	0	1	0	0	1	1	1	1	0	0	1	1	1	1	1	0	1	1	1	0	1	1	1	1	1	0	1	"consensus_12480"	"Promoter"	22	22890123	22901550	11428	2	"23532"	"uc002zwg.3"	0	"ENSG00000185686"	"PRAME"	"preferentially expressed antigen in melanoma"	0.166666666666667	0.8	0.666666666666667	0.75	0.833333333333333
"9374"	"chr22"	24384069	24384913	845	"*"	0	0	0	1	1	0	1	0	1	1	1	0	1	1	1	1	1	0	0	1	1	0	1	1	1	1	1	0	1	"consensus_12501"	"Promoter"	22	24376139	24384284	8146	2	"2952"	"uc002zze.4"	0	"ENSG00000277656"	"GSTT1"	"glutathione S-transferase theta 1"	0.166666666666667	0.8	1	0.5	0.833333333333333
"9422"	"chr22"	31002772	31003395	624	"*"	0	0	0	1	1	0	1	1	1	1	0	0	1	1	1	1	1	0	0	1	0	0	0	1	1	1	0	0	1	"consensus_12566"	"Promoter"	22	30972612	31003000	30389	2	"23481"	"uc003ain.1"	0	"ENSG00000100029"	"PES1"	"pescadillo ribosomal biogenesis factor 1"	0.166666666666667	0.7	1	0.5	0.5
"9492"	"chr22"	38070974	38071347	374	"*"	0	0	0	1	0	0	1	0	0	1	0	1	1	1	1	1	1	0	1	1	0	1	0	1	0	1	1	0	1	"consensus_12660"	"Promoter"	22	38071613	38075809	4197	1	"3956"	"uc003atn.3"	-266	"ENSG00000100097"	"LGALS1"	"galectin 1"	0.166666666666667	0.7	0.333333333333333	0.75	0.666666666666667
"9525"	"chr22"	39417028	39417243	216	"*"	0	0	0	1	1	0	0	0	0	1	0	0	1	1	1	0	1	0	0	0	0	0	1	1	1	1	0	0	1	"consensus_12708"	"Promoter"	22	39417118	39421676	4559	1	"140564"	"uc021wpq.1"	0	"ENSG00000243811"	"APOBEC3D"	"apolipoprotein B mRNA editing enzyme catalytic subunit 3D"	0	0.7	1	0.25	0.166666666666667
"9565"	"chr22"	42095367	42095726	360	"*"	0	1	0	1	0	0	1	1	1	1	0	1	1	1	1	1	1	0	0	1	0	0	0	0	1	1	1	0	1	"consensus_12759"	"Promoter"	22	42095518	42142268	46751	1	"150365"	"uc003bay.3"	0	"ENSG00000167077"	"MEI1"	"meiotic double-stranded break formation protein 1"	0.166666666666667	0.8	0.666666666666667	0.5	0.666666666666667
"9709"	"chr3"	12045398	12045932	535	"*"	0	0	0	1	0	0	1	1	1	1	0	0	1	1	1	1	0	0	1	0	1	0	0	1	0	0	0	0	1	"consensus_12961"	"Promoter"	3	12045862	12227226	181365	1	"6854"	"uc003bwl.1"	0	"ENSG00000157152"	"SYN2"	"synapsin II"	0.166666666666667	0.7	0.333333333333333	0.5	0.333333333333333
"9714"	"chr3"	12837918	12838851	934	"*"	0	1	0	1	0	0	1	1	1	1	0	0	1	1	1	1	1	0	1	1	1	0	0	1	0	1	1	0	1	"consensus_12970"	"Promoter"	3	12838171	12876313	38143	1	"23066"	"uc003bxj.2"	0	"ENSG00000144712"	"CAND2"	"cullin associated and neddylation dissociated 2 (putative)"	0.166666666666667	0.8	0.333333333333333	0.75	0.833333333333333
"9764"	"chr3"	29322182	29322576	395	"*"	1	0	0	1	0	0	0	0	1	1	0	0	1	1	1	1	0	0	1	1	1	0	1	0	1	1	1	0	1	"consensus_13044"	"Promoter"	3	29322803	30032809	710007	1	"27303"	"uc003cek.3"	-227	"ENSG00000144642"	"RBMS3"	"RNA binding motif single stranded interacting protein 3"	0.166666666666667	0.7	0.666666666666667	0.75	0.5
"9827"	"chr3"	42695376	42696220	845	"*"	0	1	0	1	0	0	1	1	1	1	0	0	1	1	1	1	1	0	0	1	1	0	0	0	1	1	1	0	1	"consensus_13124"	"Promoter"	3	42695176	42709072	13897	1	"92999"	"uc003clu.2"	200	"ENSG00000114853"	"ZBTB47"	"zinc finger and BTB domain containing 47"	0.166666666666667	0.7	0.666666666666667	0.5	0.833333333333333
"9862"	"chr3"	46607438	46608037	600	"*"	0	1	0	1	0	0	1	1	1	1	0	1	1	1	1	1	1	0	0	1	0	0	0	0	1	1	0	0	1	"consensus_13172"	"Promoter"	3	46556878	46608040	51163	2	"79442"	"uc010hji.3"	3	"ENSG00000163827"	"LRRC2"	"leucine rich repeat containing 2"	0.166666666666667	0.8	0.666666666666667	0.5	0.5
"10243"	"chr3"	134092958	134093634	677	"*"	0	0	0	1	0	0	1	1	1	1	0	0	1	1	1	1	1	0	0	0	1	0	1	0	1	1	1	0	1	"consensus_13678"	"Promoter"	3	134074190	134093406	19217	2	"51421"	"uc003eqg.1"	0	"ENSG00000114019"	"AMOTL2"	"angiomotin like 2"	0.166666666666667	0.7	0.666666666666667	0.5	0.666666666666667
"10282"	"chr3"	142607407	142608073	667	"*"	0	0	0	1	0	0	1	1	1	1	0	0	1	1	1	1	1	0	0	0	0	0	0	1	0	0	1	0	1	"consensus_13726"	"Promoter"	3	142536702	142608045	71344	2	"26577"	"uc003evd.3"	0	"ENSG00000163710"	"PCOLCE2"	"procollagen C-endopeptidase enhancer 2"	0.166666666666667	0.7	0.333333333333333	0.25	0.5
"10347"	"chr3"	169487073	169487448	376	"*"	0	1	0	1	0	0	1	0	1	1	0	0	1	1	1	1	1	0	1	1	0	0	0	1	1	1	1	0	1	"consensus_13813"	"Promoter"	3	169484711	169487683	2973	2	"84517"	"uc003ffs.2"	235	"ENSG00000184378"	"ACTRT3"	"actin related protein T3"	0	0.8	0.666666666666667	0.75	0.666666666666667
"10494"	"chr4"	1107181	1107936	756	"*"	0	1	0	1	0	0	1	0	0	1	0	1	1	1	1	1	1	0	1	1	1	0	0	1	0	1	1	0	1	"consensus_14006"	"Promoter"	4	1065266	1107352	42087	2	"285498"	"uc003gci.3"	0	"ENSG00000178222"	"RNF212"	"ring finger protein 212"	0	0.8	0.333333333333333	0.75	0.833333333333333
"10538"	"chr4"	5709865	5710466	602	"*"	0	1	0	1	0	0	1	1	1	1	0	0	1	1	1	1	1	0	1	1	1	0	1	1	1	1	1	0	1	"consensus_14070"	"Promoter"	4	5564146	5710294	146149	2	"132884"	"uc003gij.3"	0	"ENSG00000173040"	"EVC2"	"EvC ciliary complex subunit 2"	0.166666666666667	0.9	0.666666666666667	0.75	0.833333333333333
"10624"	"chr4"	40751813	40752427	615	"*"	0	0	0	1	0	0	0	1	1	1	0	0	0	1	1	0	0	0	1	0	1	0	1	1	1	1	0	0	1	"consensus_14186"	"Promoter"	4	40751914	40777473	25560	1	"79730"	"uc003gvh.2"	0	"ENSG00000179299"	"NSUN7"	"NOP2/Sun RNA methyltransferase family member 7"	0.166666666666667	0.7	0.666666666666667	0.5	0.166666666666667
"10626"	"chr4"	41216046	41216948	903	"*"	0	1	0	1	0	0	1	1	0	1	0	1	1	1	0	0	1	0	1	1	0	0	1	1	1	0	1	0	1	"consensus_14188"	"Promoter"	4	40812044	41216635	404592	2	"323"	"uc003gvl.3"	0	"ENSG00000163697"	"APBB2"	"amyloid beta precursor protein binding family B member 2"	0.166666666666667	0.9	0.333333333333333	0.25	0.666666666666667
"10654"	"chr4"	52917327	52918262	936	"*"	0	1	0	1	0	0	1	1	1	1	0	0	1	1	1	0	1	0	1	0	0	0	0	0	0	1	1	0	1	"consensus_14226"	"Promoter"	4	52917593	52948764	31172	1	"132671"	"uc003gzk.1"	0	"ENSG00000163071"	"SPATA18"	"spermatogenesis associated 18"	0.166666666666667	0.7	0.333333333333333	0.5	0.5
"10700"	"chr4"	73433529	73433945	417	"*"	0	1	0	1	0	0	0	1	1	1	0	0	1	0	1	0	0	0	0	0	0	0	1	1	1	1	1	0	1	"consensus_14280"	"Promoter"	4	73146686	73434516	287831	2	"9508"	"uc003hgk.2"	571	"ENSG00000156140"	"ADAMTS3"	"ADAM metallopeptidase with thrombospondin type 1 motif 3"	0.166666666666667	0.8	0.666666666666667	0.25	0.166666666666667
"10701"	"chr4"	73434693	73435222	530	"*"	0	0	0	1	0	0	1	1	1	0	0	0	1	1	0	0	0	0	0	1	0	0	1	1	1	1	1	0	1	"consensus_14282"	"Promoter"	4	73146686	73434516	287831	2	"9508"	"uc003hgk.2"	-177	"ENSG00000156140"	"ADAMTS3"	"ADAM metallopeptidase with thrombospondin type 1 motif 3"	0.166666666666667	0.7	0.333333333333333	0.25	0.5
"10711"	"chr4"	75310966	75311213	248	"*"	0	0	0	1	0	0	1	1	1	1	0	0	1	1	1	1	0	0	1	0	0	0	1	1	1	1	1	0	1	"consensus_14296"	"Promoter"	4	75310853	75490485	179633	1	"374"	"uc021xpc.1"	113	"ENSG00000109321"	"AREG"	"amphiregulin"	0.166666666666667	0.8	0.666666666666667	0.75	0.333333333333333
"10790"	"chr4"	95679117	95679850	734	"*"	0	1	0	1	0	0	1	0	1	1	0	0	1	0	0	1	0	0	1	1	0	1	1	1	1	1	1	0	0	"consensus_14401"	"Promoter"	4	95679128	96079601	400474	1	"658"	"uc003htm.4"	0	"ENSG00000138696"	"BMPR1B"	"bone morphogenetic protein receptor type 1B"	0.166666666666667	0.7	0.333333333333333	0.75	0.5
"10913"	"chr4"	144257490	144258506	1017	"*"	0	0	0	1	0	0	1	1	1	1	0	1	1	1	1	0	0	0	1	0	1	0	1	1	1	1	1	0	1	"consensus_14560"	"Promoter"	4	144257983	144395718	137736	1	"2549"	"uc003ijd.3"	0	"ENSG00000109458"	"GAB1"	"GRB2 associated binding protein 1"	0.166666666666667	0.9	0.666666666666667	0.5	0.5
"10953"	"chr4"	156588059	156589219	1161	"*"	0	0	0	0	0	0	0	1	1	1	0	1	1	1	1	1	0	0	0	0	1	0	0	1	1	1	1	0	1	"consensus_14615"	"Promoter"	4	156588115	156658214	70100	1	"2982"	"uc003iox.3"	0	"ENSG00000164116"	"GUCY1A1"	"guanylate cyclase 1 soluble subunit alpha 1"	0.166666666666667	0.7	0.666666666666667	0.5	0.333333333333333
"11048"	"chr5"	9545884	9546639	756	"*"	0	1	0	1	0	0	1	1	0	0	0	1	1	1	1	1	1	0	0	0	0	0	1	0	1	1	1	0	1	"consensus_14761"	"Promoter"	5	9546312	9550409	4098	1	"100505806"	"uc021xwm.1"	0	"ENSG00000250786"	"SNHG18"	"small nucleolar RNA host gene 18"	0.166666666666667	0.7	0.666666666666667	0.5	0.5
"11090"	"chr5"	38556299	38557288	990	"*"	0	1	0	1	0	0	1	1	1	1	0	0	1	1	1	1	1	0	0	1	1	0	1	1	1	1	1	0	1	"consensus_14826"	"Promoter"	5	38475065	38556748	81684	2	"3977"	"uc010ive.1"	0	"ENSG00000113594"	"LIFR"	"LIF receptor subunit alpha"	0.166666666666667	0.9	0.666666666666667	0.5	0.833333333333333
"11248"	"chr5"	92915644	92916162	519	"*"	0	0	0	1	0	0	0	1	0	1	0	0	1	1	0	1	1	0	0	1	0	0	1	1	0	1	1	0	1	"consensus_15029"	"Promoter"	5	92745065	92916738	171674	2	"441094"	"uc011cue.1"	576	"ENSG00000237187"	"NR2F1-AS1"	"NR2F1 antisense RNA 1"	0.166666666666667	0.7	0	0.5	0.5
"11336"	"chr5"	125930433	125931189	757	"*"	0	1	0	1	0	0	1	0	1	1	0	0	1	1	1	1	1	0	0	1	1	0	1	0	1	1	1	0	1	"consensus_15138"	"Promoter"	5	125877533	125931082	53550	2	"501"	"uc003ktx.3"	0	"ENSG00000164904"	"ALDH7A1"	"aldehyde dehydrogenase 7 family member A1"	0	0.8	0.666666666666667	0.5	0.833333333333333
"11350"	"chr5"	131310228	131311411	1184	"*"	0	1	0	1	1	1	1	1	0	1	0	0	1	1	1	1	1	0	0	0	0	0	1	1	1	1	0	0	1	"consensus_15160"	"Promoter"	5	131285667	131309728	24062	2	"23305"	"uc003kvw.2"	-500	"ENSG00000164398"	"ACSL6"	"acyl-CoA synthetase long chain family member 6"	0.166666666666667	0.8	1	0.75	0.333333333333333
"11398"	"chr5"	137070819	137072028	1210	"*"	0	1	0	1	0	0	1	1	0	1	0	0	1	1	1	1	1	0	1	1	1	0	1	1	0	1	1	0	1	"consensus_15226"	"Promoter"	5	136953189	137071779	118591	2	"26249"	"uc010jek.3"	0	"ENSG00000146021"	"KLHL3"	"kelch like family member 3"	0.166666666666667	0.8	0.333333333333333	0.75	0.833333333333333
"11499"	"chr5"	150284246	150284830	585	"*"	0	0	0	1	0	1	1	0	1	1	0	0	1	1	1	0	0	0	0	1	1	0	1	1	1	1	1	1	1	"consensus_15367"	"Promoter"	5	150273954	150284545	10592	2	"91975"	"uc021yfx.1"	0	"ENSG00000145908"	"ZNF300"	"zinc finger protein 300"	0.166666666666667	0.8	0.666666666666667	0.5	0.666666666666667
"11527"	"chr5"	156886885	156887526	642	"*"	0	1	0	1	0	0	1	1	1	1	0	1	1	1	1	1	1	0	1	1	1	0	1	1	1	1	1	0	1	"consensus_15406"	"Promoter"	5	156887027	156901730	14704	1	"348938"	"uc003lwx.4"	0	"ENSG00000172548"	"NIPAL4"	"NIPA like domain containing 4"	0.166666666666667	1	0.666666666666667	0.75	0.833333333333333
"11534"	"chr5"	158526064	158526381	318	"*"	0	0	0	1	0	0	1	1	1	1	0	0	1	1	1	1	1	0	0	1	1	0	1	1	1	1	0	0	1	"consensus_15414"	"Promoter"	5	158122923	158526788	403866	2	"1879"	"uc003lxl.5"	407	"ENSG00000164330"	"EBF1"	"EBF transcription factor 1"	0.166666666666667	0.8	0.666666666666667	0.5	0.666666666666667
"11575"	"chr5"	172359342	172359818	477	"*"	0	1	0	1	0	0	1	1	1	1	0	0	1	1	1	1	1	0	1	1	1	0	0	1	1	1	1	0	1	"consensus_15471"	"Promoter"	5	172360665	172379688	19024	1	"57222"	"uc003mca.4"	-847	"ENSG00000113719"	"ERGIC1"	"endoplasmic reticulum-golgi intermediate compartment 1"	0.166666666666667	0.8	0.666666666666667	0.75	0.833333333333333
"11586"	"chr5"	175084796	175085332	537	"*"	0	1	0	1	0	0	1	1	1	1	0	0	1	1	1	1	0	0	1	0	0	0	1	1	1	1	1	0	1	"consensus_15484"	"Promoter"	5	175085040	175113245	28206	1	"3274"	"uc003mdc.4"	0	"ENSG00000113749"	"HRH2"	"histamine receptor H2"	0.166666666666667	0.9	0.666666666666667	0.75	0.333333333333333
"11603"	"chr5"	176237030	176237669	640	"*"	0	1	0	1	0	0	0	1	1	1	0	0	1	1	1	1	1	0	0	0	0	0	0	0	1	1	1	0	1	"consensus_15507"	"Promoter"	5	176237560	176298002	60443	1	"90249"	"uc003mex.1"	0	"ENSG00000113763"	"UNC5A"	"unc-5 netrin receptor A"	0.166666666666667	0.7	0.666666666666667	0.5	0.333333333333333
"11693"	"chr6"	7541617	7542224	608	"*"	0	0	0	1	0	0	1	1	1	0	0	0	1	1	1	0	0	0	0	0	0	0	1	1	0	1	0	0	1	"consensus_15631"	"Promoter"	6	7541870	7586946	45077	1	"1832"	"uc003mxp.1"	0	"ENSG00000096696"	"DSP"	"desmoplakin"	0.166666666666667	0.7	0.333333333333333	0.25	0.166666666666667
"11706"	"chr6"	11043981	11044808	828	"*"	0	1	0	1	0	0	1	1	1	0	0	0	1	1	1	1	0	0	0	0	1	0	0	1	0	0	1	0	1	"consensus_15651"	"Promoter"	6	11043991	11079377	35387	1	"100506409"	"uc021yln.1"	0	"ENSG00000230314"	"ELOVL2-AS1"	"ELOVL2 antisense RNA 1"	0.166666666666667	0.7	0.333333333333333	0.25	0.5
"11821"	"chr6"	27661464	27662354	891	"*"	0	0	0	1	0	1	1	1	1	1	0	0	1	1	1	1	1	0	1	1	1	0	0	1	1	1	1	0	1	"consensus_15788"	"Promoter"	6	27661814	27678001	16188	1	"100507173"	"uc021yrb.1"	0	"ENSG00000281706"	"LINC01012"	"long intergenic non-protein coding RNA 1012"	0.166666666666667	0.7	0.666666666666667	1	0.833333333333333
"11841"	"chr6"	28192850	28193526	677	"*"	0	0	0	1	0	0	1	0	1	1	0	0	1	1	1	0	1	0	1	1	1	1	1	1	1	1	1	0	1	"consensus_15809"	"Promoter"	6	28193029	28201264	8236	1	"7746"	"uc003nkq.2"	0	"ENSG00000137185"	"ZSCAN9"	"zinc finger and SCAN domain containing 9"	0.166666666666667	0.8	0.666666666666667	0.5	0.833333333333333
"11864"	"chr6"	29974430	29975392	963	"*"	0	1	0	1	0	0	1	1	1	1	0	0	1	1	1	1	0	0	0	1	0	0	1	0	1	1	1	0	1	"consensus_15840"	"Promoter"	6	29974217	29977733	3517	1	"3137"	"uc003rtl.4"	213	"ENSG00000204622"	"HLA-J"	"major histocompatibility complex, class I, J (pseudogene)"	0.166666666666667	0.8	0.666666666666667	0.5	0.5
"11904"	"chr6"	31543136	31543658	523	"*"	0	0	1	1	1	1	1	0	0	1	0	0	1	1	1	1	1	0	0	1	1	0	1	1	1	1	1	0	1	"consensus_15889"	"Promoter"	6	31543344	31546112	2769	1	"7124"	"uc003nui.4"	0	"ENSG00000232810"	"TNF"	"tumor necrosis factor"	0.166666666666667	0.7	1	0.75	0.833333333333333
"11957"	"chr6"	33159816	33161134	1319	"*"	0	1	0	1	0	0	1	1	0	1	0	0	1	1	1	1	0	0	0	0	0	0	1	0	1	1	1	0	1	"consensus_15950"	"Promoter"	6	33130469	33160245	29777	2	"1302"	"uc003ocx.1"	0	"ENSG00000204248"	"COL11A2"	"collagen type XI alpha 2 chain"	0.166666666666667	0.7	0.666666666666667	0.5	0.333333333333333
"11989"	"chr6"	34433423	34433981	559	"*"	0	0	0	1	0	0	1	1	1	1	0	0	1	1	1	1	0	0	0	0	0	0	1	0	1	1	0	0	1	"consensus_15991"	"Promoter"	6	34433838	34503000	69163	1	"29993"	"uc003ojo.4"	0	"ENSG00000124507"	"PACSIN1"	"protein kinase C and casein kinase substrate in neurons 1"	0.166666666666667	0.7	0.666666666666667	0.5	0.166666666666667
"12077"	"chr6"	43043750	43044420	671	"*"	0	1	0	1	0	0	1	1	0	1	0	0	1	1	1	1	1	0	0	1	1	0	0	1	1	1	1	0	1	"consensus_16113"	"Promoter"	6	43044006	43101459	57454	1	"5754"	"uc003oua.4"	0	"ENSG00000112655"	"PTK7"	"protein tyrosine kinase 7 (inactive)"	0.166666666666667	0.7	0.666666666666667	0.5	0.833333333333333
"12148"	"chr6"	72596253	72597195	943	"*"	0	1	0	0	0	0	0	1	1	1	0	0	0	1	0	0	0	0	0	0	0	0	1	1	0	0	0	0	1	"consensus_16206"	"Promoter"	6	72596406	73112845	516440	1	"22999"	"uc003pga.4"	0	"ENSG00000079841"	"RIMS1"	"regulating synaptic membrane exocytosis 1"	0.166666666666667	0.7	0	0	0
"12333"	"chr6"	132722032	132722836	805	"*"	0	1	0	1	0	0	0	1	0	1	0	0	1	1	1	0	0	0	0	0	0	0	1	0	1	1	1	0	1	"consensus_16439"	"Promoter"	6	132617194	132722664	105471	2	"26002"	"uc003qdf.3"	0	"ENSG00000079931"	"MOXD1"	"monooxygenase DBH like 1"	0.166666666666667	0.7	0.666666666666667	0.25	0.166666666666667
"12397"	"chr6"	149794510	149795039	530	"*"	0	0	0	1	0	0	1	1	1	1	0	0	0	1	1	1	1	0	0	0	0	0	1	1	1	1	0	0	1	"consensus_16531"	"Promoter"	6	149777777	149795749	17973	2	"340152"	"uc003qmn.1"	710	"ENSG00000178199"	"ZC3H12D"	"zinc finger CCCH-type containing 12D"	0.166666666666667	0.7	0.666666666666667	0.5	0.333333333333333
"12455"	"chr6"	166720639	166721329	691	"*"	0	1	0	1	0	0	1	1	0	1	0	0	1	1	1	1	1	0	1	1	1	0	1	0	0	1	0	0	1	"consensus_16624"	"Promoter"	6	166719168	166721871	2704	2	"285800"	"uc003quw.1"	542	"ENSG00000176381"	"PRR18"	"proline rich 18"	0.166666666666667	0.7	0.333333333333333	0.75	0.666666666666667
"12474"	"chr7"	192086	192757	672	"*"	0	0	0	1	0	0	1	1	1	1	0	0	1	1	1	1	1	0	0	1	1	0	0	1	1	1	1	0	1	"consensus_16659"	"Promoter"	7	192969	300740	107772	1	"56975"	"uc003sip.3"	-212	"ENSG00000177706"	"FAM20C"	"FAM20C golgi associated secretory pathway kinase"	0.166666666666667	0.7	0.666666666666667	0.5	0.833333333333333
"12543"	"chr7"	8301204	8302004	801	"*"	0	1	0	1	0	0	1	1	0	1	0	0	1	1	1	1	0	0	0	1	1	0	1	1	0	0	1	0	1	"consensus_16773"	"Promoter"	7	8152815	8301682	148868	2	"3382"	"uc003srm.3"	0	"ENSG00000003147"	"ICA1"	"islet cell autoantigen 1"	0.166666666666667	0.8	0.333333333333333	0.25	0.666666666666667
"12576"	"chr7"	23508596	23509585	990	"*"	0	0	0	1	0	0	1	1	0	1	0	0	1	1	1	0	1	0	1	1	1	0	1	1	1	1	1	0	1	"consensus_16826"	"Promoter"	7	23349828	23509995	160168	2	"10643"	"uc003swg.3"	410	"ENSG00000136231"	"IGF2BP3"	"insulin like growth factor 2 mRNA binding protein 3"	0.166666666666667	0.7	0.666666666666667	0.5	0.833333333333333
"12615"	"chr7"	30721668	30722494	827	"*"	0	0	0	1	0	0	1	1	1	1	0	0	1	1	1	1	1	0	0	1	1	0	1	1	1	1	1	0	1	"consensus_16881"	"Promoter"	7	30691559	30722141	30583	2	"1395"	"uc003tbn.3"	0	"ENSG00000106113"	"CRHR2"	"corticotropin releasing hormone receptor 2"	0.166666666666667	0.8	0.666666666666667	0.5	0.833333333333333
"12677"	"chr7"	45016937	45017250	314	"*"	0	1	0	1	1	0	0	0	1	0	0	0	1	1	1	1	1	0	0	1	1	1	0	1	1	0	1	0	1	"consensus_16962"	"Promoter"	7	45005672	45016670	10999	2	"64005"	"uc003tmi.1"	-267	"ENSG00000136286"	"MYO1G"	"myosin IG"	0.166666666666667	0.7	1	0.25	0.666666666666667
"12752"	"chr7"	73441164	73441678	515	"*"	0	0	0	1	0	0	1	0	1	1	0	0	1	1	1	0	0	0	1	1	1	1	0	1	1	1	1	0	1	"consensus_17060"	"Promoter"	7	73442427	73470687	28261	1	"2006"	"uc003tzm.1"	-749	"ENSG00000049540"	"ELN"	"elastin"	0.166666666666667	0.7	0.666666666666667	0.5	0.666666666666667
"12760"	"chr7"	73867921	73868426	506	"*"	0	1	0	1	0	0	1	1	1	1	0	0	1	1	1	1	0	0	0	0	1	0	1	1	1	1	1	0	1	"consensus_17070"	"Promoter"	7	73868120	74016920	148801	1	"9569"	"uc003uap.3"	0	"ENSG00000006704"	"GTF2IRD1"	"GTF2I repeat domain containing 1"	0.166666666666667	0.9	0.666666666666667	0.5	0.5
"12796"	"chr7"	83824127	83824615	489	"*"	0	0	0	1	0	1	1	1	1	1	0	0	0	1	0	0	0	0	0	0	0	0	1	1	1	1	1	0	1	"consensus_17131"	"Promoter"	7	83587659	83824217	236559	2	"10371"	"uc003uhz.3"	0	"ENSG00000075213"	"SEMA3A"	"semaphorin 3A"	0.166666666666667	0.7	0.333333333333333	0.5	0.333333333333333
"12854"	"chr7"	97840392	97840889	498	"*"	0	1	0	1	0	0	1	0	1	1	0	0	1	1	1	0	0	0	0	0	0	0	0	0	0	0	1	0	1	"consensus_17210"	"Promoter"	7	97841568	97842271	704	1	"168620"	"uc003upf.1"	-679	"ENSG00000180535"	"BHLHA15"	"basic helix-loop-helix family member a15"	0	0.7	0.333333333333333	0	0.333333333333333
"12875"	"chr7"	99527028	99527586	559	"*"	0	1	0	1	0	1	1	1	0	1	0	0	1	1	1	1	1	0	0	1	1	0	0	1	1	1	1	0	1	"consensus_17237"	"Promoter"	7	99520892	99527243	6352	2	"349149"	"uc011kjd.2"	0	"ENSG00000176402"	"GJC3"	"gap junction protein gamma 3"	0.166666666666667	0.7	0.666666666666667	0.75	0.833333333333333
"12888"	"chr7"	99766138	99766460	323	"*"	0	0	0	1	0	0	1	1	1	1	0	0	1	1	1	1	0	0	0	0	0	0	1	1	1	1	1	0	1	"consensus_17250"	"Promoter"	7	99756865	99766373	9509	2	"79690"	"uc003utu.3"	0	"ENSG00000197093"	"GAL3ST4"	"galactose-3-O-sulfotransferase 4"	0.166666666666667	0.8	0.666666666666667	0.5	0.333333333333333
"12910"	"chr7"	100464648	100465621	974	"*"	0	1	0	1	0	0	1	1	1	0	0	0	1	1	1	1	1	0	0	1	0	0	1	0	1	1	1	0	1	"consensus_17285"	"Promoter"	7	100464950	100471076	6127	1	"7205"	"uc003uww.3"	0	"ENSG00000087077"	"TRIP6"	"thyroid hormone receptor interactor 6"	0.166666666666667	0.7	0.666666666666667	0.5	0.666666666666667
"12914"	"chr7"	100492998	100493802	805	"*"	0	1	0	1	0	0	0	1	0	0	0	0	1	1	1	1	1	0	0	1	0	0	1	1	0	1	1	0	1	"consensus_17289"	"Promoter"	7	100487615	100493541	5927	2	"43"	"uc003uxe.3"	0	"ENSG00000087085"	"ACHE"	"acetylcholinesterase (Cartwright blood group)"	0.166666666666667	0.7	0.333333333333333	0.5	0.5
"12939"	"chr7"	103086283	103086867	585	"*"	0	1	0	1	0	0	1	0	1	1	0	1	1	1	1	1	1	0	1	1	0	0	0	0	0	1	1	1	1	"consensus_17320"	"Promoter"	7	102993177	103086624	93448	2	"375611"	"uc003vbt.2"	0	"ENSG00000170615"	"SLC26A5"	"solute carrier family 26 member 5"	0.166666666666667	0.8	0.333333333333333	0.75	0.666666666666667
"12973"	"chr7"	112725997	112726835	839	"*"	0	1	0	1	0	0	0	0	1	1	0	0	1	0	0	0	1	0	0	0	0	0	1	0	0	0	0	1	1	"consensus_17369"	"Promoter"	7	112720468	112726393	5926	2	"54329"	"uc010ljv.2"	0	"ENSG00000164604"	"GPR85"	"G protein-coupled receptor 85"	0.166666666666667	0.7	0	0	0.166666666666667
"13006"	"chr7"	127671847	127672795	949	"*"	0	0	0	1	0	0	1	1	1	1	0	1	1	1	1	1	1	0	1	0	1	0	0	0	0	1	1	0	1	"consensus_17419"	"Promoter"	7	127667124	127671002	3879	2	"64101"	"uc003vmk.3"	-845	"ENSG00000128594"	"LRRC4"	"leucine rich repeat containing 4"	0.166666666666667	0.7	0.333333333333333	0.75	0.666666666666667
"13016"	"chr7"	128470196	128471338	1143	"*"	0	1	0	1	0	0	1	1	0	1	0	1	1	1	1	1	0	0	0	1	1	0	0	0	1	1	0	0	1	"consensus_17430"	"Promoter"	7	128470483	128499328	28846	1	"2318"	"uc003vnz.4"	0	"ENSG00000128591"	"FLNC"	"filamin C"	0.166666666666667	0.7	0.666666666666667	0.5	0.5
"13231"	"chr8"	19170951	19172018	1068	"*"	0	1	0	1	0	0	1	1	1	1	0	0	1	1	1	1	0	0	0	0	0	0	1	0	0	1	1	0	1	"consensus_17731"	"Promoter"	8	19171081	19253729	82649	1	"63898"	"uc003wzb.3"	0	"ENSG00000104611"	"SH2D4A"	"SH2 domain containing 4A"	0.166666666666667	0.8	0.333333333333333	0.5	0.333333333333333
"13607"	"chr8"	133932130	133932512	383	"*"	0	0	0	1	1	1	1	1	1	1	0	1	1	1	1	0	1	0	0	0	0	0	0	1	0	0	0	0	1	"consensus_18254"	"Promoter"	8	133931621	134147143	215523	1	"7038"	"uc011ljb.2"	509	"ENSG00000042832"	"TG"	"thyroglobulin"	0.166666666666667	0.8	0.666666666666667	0.25	0.333333333333333
"13648"	"chr8"	144815648	144816463	816	"*"	0	1	0	1	0	0	1	0	1	1	0	0	1	1	1	1	0	0	1	0	0	1	0	0	1	1	0	0	1	"consensus_18312"	"Promoter"	8	144816310	144828507	12198	1	"100128338"	"uc003yzl.1"	0	"ENSG00000203499"	"FAM83H-AS1"	"FAM83H antisense RNA 1 (head to head)"	0.166666666666667	0.7	0.666666666666667	0.75	0.166666666666667
"13660"	"chr8"	145064004	145064553	550	"*"	0	1	0	1	0	0	1	1	0	1	0	1	1	1	1	1	1	0	1	1	1	0	0	0	1	1	1	0	1	"consensus_18327"	"Promoter"	8	145064226	145067583	3358	1	"2907"	"uc003zan.1"	0	"ENSG00000178719"	"GRINA"	"glutamate ionotropic receptor NMDA type subunit associated protein 1"	0.166666666666667	0.7	0.666666666666667	0.75	0.833333333333333
"13680"	"chr8"	145752345	145752721	377	"*"	0	1	0	1	0	0	1	1	1	1	0	1	1	1	1	0	1	0	0	0	1	0	0	0	1	0	1	0	1	"consensus_18354"	"Promoter"	8	145747761	145752416	4656	2	"441381"	"uc003zdm.3"	0	"ENSG00000254402"	"LRRC24"	"leucine rich repeat containing 24"	0.166666666666667	0.8	0.666666666666667	0	0.666666666666667
"13701"	"chr9"	1050100	1050641	542	"*"	0	0	0	1	0	0	0	1	1	1	0	0	1	1	1	1	1	0	1	1	1	0	0	1	0	1	1	0	1	"consensus_18381"	"Promoter"	9	1050346	1057554	7209	1	"10655"	"uc003zgy.4"	0	"ENSG00000173253"	"DMRT2"	"doublesex and mab-3 related transcription factor 2"	0.166666666666667	0.7	0.333333333333333	0.75	0.666666666666667
"13706"	"chr9"	2621223	2622901	1679	"*"	0	1	0	1	0	0	0	1	0	1	0	1	1	1	1	1	1	0	1	1	1	0	0	0	1	1	1	0	1	"consensus_18387"	"Promoter"	9	2422702	2621413	198712	2	"401491"	"uc003zhh.1"	0	"ENSG00000236404"	"VLDLR-AS1"	"VLDLR antisense RNA 1"	0.166666666666667	0.7	0.666666666666667	0.75	0.666666666666667
"13785"	"chr9"	33403372	33403754	383	"*"	0	0	0	1	1	1	1	1	1	1	0	0	1	1	1	1	1	0	1	1	1	0	1	1	1	1	1	0	1	"consensus_18486"	"Promoter"	9	33385359	33402517	17159	2	"364"	"uc011loa.1"	-855	"ENSG00000165269"	"AQP7"	"aquaporin 7"	0.166666666666667	0.8	1	1	0.833333333333333
"13789"	"chr9"	33523393	33524369	977	"*"	0	1	0	1	0	0	1	1	1	1	0	1	1	1	1	1	1	0	1	1	1	0	1	1	1	1	1	0	1	"consensus_18491"	"Promoter"	9	33524411	33573001	48591	1	"441459"	"uc010mjw.2"	-42	"ENSG00000230453"	"ANKRD18B"	"ankyrin repeat domain 18B"	0.166666666666667	1	0.666666666666667	0.75	0.833333333333333
"13871"	"chr9"	77501952	77502685	734	"*"	0	1	0	1	0	0	1	1	0	1	0	0	1	1	1	1	1	0	1	1	1	0	1	0	1	1	1	0	1	"consensus_18609"	"Promoter"	9	77337411	77502263	164853	2	"140803"	"uc004ajk.1"	0	"ENSG00000119121"	"TRPM6"	"transient receptor potential cation channel subfamily M member 6"	0.166666666666667	0.7	0.666666666666667	0.75	0.833333333333333
"13904"	"chr9"	90340743	90341566	824	"*"	0	1	0	1	0	0	1	1	1	1	0	1	1	1	1	1	1	0	1	1	1	0	1	1	0	1	1	0	1	"consensus_18652"	"Promoter"	9	90340974	90346384	5411	1	"1514"	"uc004aph.3"	0	"ENSG00000135047"	"CTSL"	"cathepsin L"	0.166666666666667	1	0.333333333333333	0.75	0.833333333333333
"14168"	"chr9"	132427541	132428470	930	"*"	0	0	0	1	0	0	0	1	0	1	0	1	1	1	1	1	1	0	0	1	1	0	0	1	1	1	0	0	1	"consensus_19003"	"Promoter"	9	132427920	132484951	57032	1	"51450"	"uc004byh.3"	0	"ENSG00000167157"	"PRRX2"	"paired related homeobox 2"	0.166666666666667	0.7	0.666666666666667	0.5	0.5
"14177"	"chr9"	132934428	132935003	576	"*"	0	1	0	1	0	0	1	0	1	1	0	0	1	1	1	1	1	0	0	1	0	0	0	0	1	1	0	1	1	"consensus_19014"	"Promoter"	9	132934857	132999583	64727	1	"23413"	"uc004bzi.2"	0	"ENSG00000107130"	"NCS1"	"neuronal calcium sensor 1"	0.166666666666667	0.7	0.666666666666667	0.5	0.5
"14292"	"chr9"	140348165	140348956	792	"*"	0	1	0	1	0	0	1	1	1	1	0	1	1	0	1	0	0	0	0	1	1	0	1	1	1	1	1	0	1	"consensus_19174"	"Promoter"	9	140342023	140349159	7137	2	"26012"	"uc011mex.2"	203	"ENSG00000165802"	"NSMF"	"NMDA receptor synaptonuclear signaling and neuronal migration factor"	0.166666666666667	0.9	0.666666666666667	0.25	0.666666666666667
