"seqnames"	"start"	"end"	"width"	"strand"	"CLL1_0d_CD4"	"CLL1_3d_CD4"	"CLL2_0d_CD4"	"CLL2_3d_CD4"	"CLL2_8d_CD4"	"CLL2_30d_CD4"	"CLL2_120d_CD4"	"CLL4_0d_CD4"	"CLL4_2d_CD4"	"CLL4_3d_CD4"	"CLL5_0d_CD4"	"CLL5_1d_CD4"	"CLL5_2d_CD4"	"CLL5_3d_CD4"	"CLL5_8d_CD4"	"CLL5_30d_CD4"	"CLL5_150d_CD4"	"CLL5_240d_CD4"	"CLL6_30d_CD4"	"CLL6_120d_CD4"	"CLL6_280d_CD4"	"CLL7_0d_CD4"	"CLL7_1d_CD4"	"CLL7_3d_CD4"	"CLL7_8d_CD4"	"CLL7_30d_CD4"	"CLL7_150d_CD4"	"CLL8_0d_CD4"	"CLL8_3d_CD4"	"consensusIDs"	"annotation"	"geneChr"	"geneStart"	"geneEnd"	"geneLength"	"geneStrand"	"geneId"	"transcriptId"	"distanceToTSS"	"ENSEMBL"	"SYMBOL"	"GENENAME"	"0"	"3"	"8"	"30"	"120"
"26"	"chr1"	1370739	1371314	576	"*"	0	0	0	1	0	0	1	1	1	1	0	0	1	1	1	1	1	0	1	0	1	0	1	1	1	1	1	0	1	"consensus_36"	"Promoter"	1	1370903	1378262	7360	1	"64856"	"uc001afr.3"	0	"ENSG00000179403"	"VWA1"	"von Willebrand factor A domain containing 1"	0.166666666666667	0.8	0.666666666666667	0.75	0.666666666666667
"98"	"chr1"	8002312	8002862	551	"*"	0	0	0	1	0	0	1	0	0	1	0	0	1	1	1	1	1	0	1	1	1	0	1	1	1	1	1	0	1	"consensus_125"	"Promoter"	1	7975931	8003225	27295	2	"3604"	"uc001aot.3"	363	"ENSG00000049249"	"TNFRSF9"	"TNF receptor superfamily member 9"	0	0.7	0.666666666666667	0.75	0.833333333333333
"154"	"chr1"	15250367	15251095	729	"*"	0	1	0	1	0	0	1	1	1	1	0	0	1	1	1	1	0	0	1	1	0	0	0	0	1	1	1	0	1	"consensus_191"	"Promoter"	1	15250625	15394651	144027	1	"23254"	"uc001avo.2"	0	"ENSG00000189337"	"KAZN"	"kazrin, periplakin interacting protein"	0.166666666666667	0.7	0.666666666666667	0.75	0.5
"180"	"chr1"	19210627	19211010	384	"*"	0	0	0	1	1	0	1	1	1	1	0	1	1	1	1	1	0	0	1	1	1	0	0	0	1	1	1	0	1	"consensus_229"	"Promoter"	1	19209696	19209769	74	2	"100616120"	"uc021ohm.2"	-858	"ENSG00000265606"	"MIR4695"	"microRNA 4695"	0.166666666666667	0.7	1	0.75	0.666666666666667
"207"	"chr1"	21606461	21607109	649	"*"	0	0	0	1	1	0	1	1	1	1	0	0	1	1	1	1	1	0	1	1	0	0	0	1	1	1	1	0	1	"consensus_261"	"Promoter"	1	21543740	21606183	62444	2	"1889"	"uc001bej.2"	-278	"ENSG00000117298"	"ECE1"	"endothelin converting enzyme 1"	0.166666666666667	0.7	1	0.75	0.666666666666667
"221"	"chr1"	22468804	22470002	1199	"*"	0	1	0	1	0	0	1	1	0	1	0	0	1	1	1	1	1	0	1	1	1	0	0	0	1	1	1	0	1	"consensus_280"	"Promoter"	1	22443798	22469519	25722	2	"54361"	"uc001bfs.4"	0	"ENSG00000162552"	"WNT4"	"Wnt family member 4"	0.166666666666667	0.6	0.666666666666667	0.75	0.833333333333333
"350"	"chr1"	32211071	32211560	490	"*"	0	0	0	1	0	0	1	1	1	1	0	0	1	1	1	1	1	0	1	1	1	0	0	1	1	1	1	0	1	"consensus_439"	"Promoter"	1	32192718	32210332	17615	2	"576"	"uc010ogo.2"	-739	"ENSG00000121753"	"ADGRB2"	"adhesion G protein-coupled receptor B2"	0.166666666666667	0.7	0.666666666666667	0.75	0.833333333333333
"557"	"chr1"	51983709	51984041	333	"*"	0	0	0	0	0	0	0	1	0	0	0	0	0	0	1	1	0	0	1	0	0	0	0	1	0	1	0	0	1	"consensus_713"	"Promoter"	1	51819935	51984995	165061	2	"2060"	"uc001csq.1"	954	"ENSG00000085832"	"EPS15"	"epidermal growth factor receptor pathway substrate 15"	0.166666666666667	0.2	0.333333333333333	0.75	0
"615"	"chr1"	63782618	63783362	745	"*"	0	0	0	1	0	0	1	0	1	1	0	0	1	1	1	1	1	0	1	1	0	1	0	1	1	1	1	0	1	"consensus_793"	"Promoter"	1	63624754	63782901	158148	2	"199899"	"uc001daw.2"	0	"ENSG00000224209"	"LINC00466"	"long intergenic non-protein coding RNA 466"	0.166666666666667	0.7	0.666666666666667	0.75	0.666666666666667
"663"	"chr1"	78354412	78354864	453	"*"	0	0	0	1	0	0	1	1	1	1	0	0	1	1	0	1	1	0	1	1	0	0	1	0	1	1	1	0	1	"consensus_856"	"Promoter"	1	78354200	78409578	55379	1	"91624"	"uc001dic.4"	212	"ENSG00000162614"	"NEXN"	"nexilin F-actin binding protein"	0.166666666666667	0.7	0.333333333333333	0.75	0.666666666666667
"730"	"chr1"	94146334	94147638	1305	"*"	0	0	0	1	0	0	1	1	1	1	0	0	1	1	1	1	1	0	1	0	1	0	0	1	1	1	1	0	1	"consensus_949"	"Promoter"	1	94027343	94146926	119584	2	"8412"	"uc001dpz.4"	0	"ENSG00000137936"	"BCAR3"	"BCAR3 adaptor protein, NSP family member"	0.166666666666667	0.7	0.666666666666667	0.75	0.666666666666667
"764"	"chr1"	107683484	107684444	961	"*"	0	1	0	1	0	0	1	1	1	0	0	1	1	1	1	1	1	0	1	1	0	0	0	0	0	1	1	0	1	"consensus_989"	"Promoter"	1	107683549	107953207	269659	1	"22854"	"uc001dvd.1"	0	"ENSG00000162631"	"NTNG1"	"netrin G1"	0.166666666666667	0.7	0.333333333333333	0.75	0.666666666666667
"969"	"chr1"	154474330	154475130	801	"*"	0	0	0	1	0	0	1	1	1	1	0	0	0	1	1	1	0	0	1	0	1	0	0	0	1	1	1	0	0	"consensus_1247"	"Promoter"	1	154474695	154520623	45929	1	"126668"	"uc001ffd.3"	0	"ENSG00000163239"	"TDRD10"	"tudor domain containing 10"	0.166666666666667	0.4	0.666666666666667	0.75	0.5
"1124"	"chr1"	167599250	167599716	467	"*"	0	0	0	1	0	0	0	0	0	0	0	0	1	1	1	1	1	0	1	1	0	0	1	0	1	1	1	0	1	"consensus_1445"	"Promoter"	1	167599474	167675486	76013	1	"92241"	"uc001gem.3"	0	"ENSG00000198771"	"RCSD1"	"RCSD domain containing 1"	0	0.5	0.666666666666667	0.75	0.5
"1225"	"chr1"	196620657	196621294	638	"*"	1	0	0	1	1	1	1	0	0	0	0	0	1	0	1	1	0	0	1	0	0	0	0	0	1	0	0	0	1	"consensus_1575"	"Promoter"	1	196621008	196670695	49688	1	"3075"	"uc001gti.4"	0	"ENSG00000000971"	"CFH"	"complement factor H"	0.166666666666667	0.3	1	0.75	0.166666666666667
"1240"	"chr1"	200860121	200860682	562	"*"	0	1	0	0	0	0	0	0	0	0	0	0	0	1	0	1	0	0	1	0	1	0	0	0	1	1	0	0	1	"consensus_1595"	"Promoter"	1	200860627	200884864	24238	1	"55765"	"uc001gvo.4"	0	"ENSG00000163362"	"INAVA"	"innate immunity activator"	0	0.3	0.333333333333333	0.75	0.166666666666667
"1250"	"chr1"	201857801	201858260	460	"*"	0	0	0	1	0	0	1	1	1	1	0	0	1	1	1	1	1	0	1	1	0	0	0	1	1	1	1	0	1	"consensus_1609"	"Promoter"	1	201857805	201861715	3911	1	"149345"	"uc001gxa.3"	0	"ENSG00000198892"	"SHISA4"	"shisa family member 4"	0.166666666666667	0.7	0.666666666666667	0.75	0.666666666666667
"1282"	"chr1"	204042068	204043024	957	"*"	0	1	0	1	0	0	1	0	0	1	0	0	1	1	1	1	1	0	1	1	1	1	0	0	1	1	1	0	1	"consensus_1652"	"Promoter"	1	204042246	204088974	46729	1	"9580"	"uc001hal.3"	0	"ENSG00000143842"	"SOX13"	"SRY-box transcription factor 13"	0.166666666666667	0.6	0.666666666666667	0.75	0.833333333333333
"1317"	"chr1"	207002668	207003075	408	"*"	0	0	0	1	1	1	1	0	0	1	0	0	1	1	1	1	0	0	0	1	0	0	0	0	1	1	0	0	1	"consensus_1696"	"Promoter"	1	207002222	207016326	14105	1	"29949"	"uc001hep.3"	446	"ENSG00000142224"	"IL19"	"interleukin 19"	0	0.5	1	0.75	0.333333333333333
"1331"	"chr1"	209824589	209824999	411	"*"	0	0	0	1	1	0	1	0	1	0	0	1	1	1	1	1	1	0	1	1	1	0	0	0	1	1	1	0	1	"consensus_1716"	"Promoter"	1	209788218	209824679	36462	2	"3914"	"uc001hhg.3"	0	"ENSG00000196878"	"LAMB3"	"laminin subunit beta 3"	0	0.6	1	0.75	0.833333333333333
"1483"	"chr1"	240774884	240775714	831	"*"	0	0	0	1	1	0	1	1	0	1	0	1	1	1	1	1	1	0	1	1	1	0	1	0	1	1	1	0	1	"consensus_1912"	"Promoter"	1	240652873	240775462	122590	2	"64388"	"uc001hys.3"	0	"ENSG00000180875"	"GREM2"	"gremlin 2, DAN family BMP antagonist"	0.166666666666667	0.7	1	0.75	0.833333333333333
"1624"	"chr10"	27390322	27390730	409	"*"	0	0	0	1	0	1	1	1	1	1	0	0	1	1	1	1	1	0	0	0	1	0	0	1	1	1	0	0	1	"consensus_2099"	"Promoter"	10	27293045	27389427	96383	2	"22852"	"uc009xku.1"	-895	"ENSG00000107890"	"ANKRD26"	"ankyrin repeat domain 26"	0.166666666666667	0.7	0.666666666666667	0.75	0.5
"1929"	"chr10"	100185430	100185818	389	"*"	0	0	0	1	1	0	1	1	1	1	0	0	1	1	1	1	0	0	1	1	1	0	0	0	1	1	1	0	1	"consensus_2507"	"Promoter"	10	100183360	100185742	2383	2	"3257"	"uc010qpg.2"	0	"ENSG00000107521"	"HPS1"	"HPS1 biogenesis of lysosomal organelles complex 3 subunit 1"	0.166666666666667	0.6	1	0.75	0.666666666666667
"2046"	"chr10"	116391602	116392215	614	"*"	0	1	0	1	0	0	1	0	1	1	0	0	1	1	1	1	1	0	1	0	1	1	1	0	1	1	1	0	1	"consensus_2655"	"Promoter"	10	116200776	116392100	191325	2	"3983"	"uc021pze.1"	0	"ENSG00000099204"	"ABLIM1"	"actin binding LIM protein 1"	0.166666666666667	0.8	0.666666666666667	0.75	0.666666666666667
"2258"	"chr11"	12399003	12399761	759	"*"	0	1	0	1	0	0	1	1	0	0	0	0	1	1	1	1	1	0	1	1	1	0	0	0	0	1	1	0	1	"consensus_2974"	"Promoter"	11	12399026	12502356	103331	1	"55742"	"uc001mkh.3"	0	"ENSG00000197702"	"PARVA"	"parvin alpha"	0.166666666666667	0.5	0.333333333333333	0.75	0.833333333333333
"2342"	"chr11"	36615804	36616651	848	"*"	0	0	0	1	0	0	1	1	0	0	0	0	0	0	1	1	0	0	1	1	0	0	0	0	1	1	0	0	0	"consensus_3096"	"Promoter"	11	36616043	36680841	64799	1	"119710"	"uc001mwy.2"	0	"ENSG00000166352"	"C11orf74"	"chromosome 11 open reading frame 74"	0.166666666666667	0.1	0.666666666666667	0.75	0.333333333333333
"2352"	"chr11"	44970751	44971535	785	"*"	0	0	0	1	0	0	1	0	0	0	0	0	1	1	1	1	0	0	1	1	0	0	0	0	0	1	1	0	1	"consensus_3110"	"Promoter"	11	44953899	44971759	17861	2	"9537"	"uc001myi.4"	224	"ENSG00000175274"	"TP53I11"	"tumor protein p53 inducible protein 11"	0	0.4	0.333333333333333	0.75	0.5
"2373"	"chr11"	46939593	46940334	742	"*"	0	1	0	1	0	0	1	1	0	1	0	1	1	1	1	1	1	0	1	0	0	0	0	1	1	1	1	0	1	"consensus_3139"	"Promoter"	11	46878268	46940173	61906	2	"4038"	"uc001ndn.4"	0	"ENSG00000134569"	"LRP4"	"LDL receptor related protein 4"	0.166666666666667	0.8	0.666666666666667	0.75	0.5
"2486"	"chr11"	63719411	63719906	496	"*"	0	0	0	1	1	1	0	1	0	1	0	0	1	1	1	1	1	0	0	1	1	0	0	0	1	1	0	0	1	"consensus_3284"	"Promoter"	11	63720165	63724446	4282	1	"79829"	"uc010rmy.2"	-259	"ENSG00000110583"	"NAA40"	"N(alpha)-acetyltransferase 40, NatD catalytic subunit"	0.166666666666667	0.5	1	0.75	0.5
"2549"	"chr11"	65393412	65393837	426	"*"	0	0	0	1	0	0	1	0	0	1	0	0	1	1	1	1	1	0	1	0	1	1	1	0	1	1	1	0	1	"consensus_3363"	"Promoter"	11	65394324	65404910	10587	1	"399909"	"uc001oez.2"	-487	"ENSG00000197136"	"PCNX3"	"pecanex 3"	0.166666666666667	0.6	0.666666666666667	0.75	0.666666666666667
"2800"	"chr11"	111411258	111411800	543	"*"	0	1	0	1	0	0	1	1	0	1	0	0	1	1	1	1	0	0	1	0	0	0	0	1	1	1	1	0	1	"consensus_3688"	"Promoter"	11	111411233	111432470	21238	1	"143903"	"uc010rwg.2"	25	"ENSG00000204381"	"LAYN"	"layilin"	0.166666666666667	0.7	0.666666666666667	0.75	0.333333333333333
"2824"	"chr11"	115630643	115631134	492	"*"	0	1	0	0	0	0	0	0	1	1	0	0	1	1	1	1	0	0	1	0	1	0	0	0	0	1	0	0	1	"consensus_3721"	"Promoter"	11	115626051	115630918	4868	2	"283143"	"uc001ppm.2"	0	NA	"LINC00900"	"long intergenic non-protein coding RNA 900"	0	0.6	0.333333333333333	0.75	0.166666666666667
"3038"	"chr12"	9142049	9142392	344	"*"	1	0	0	1	0	1	0	0	0	0	0	0	0	1	1	0	1	0	1	1	1	0	0	0	1	1	0	0	1	"consensus_4005"	"Promoter"	12	9142221	9163340	21120	1	"10219"	"uc001qvg.3"	0	"ENSG00000139187"	"KLRG1"	"killer cell lectin like receptor G1"	0.166666666666667	0.3	0.666666666666667	0.75	0.5
"3044"	"chr12"	9785264	9785665	402	"*"	0	0	0	1	0	0	1	1	1	1	0	0	0	1	1	1	0	0	1	0	0	0	0	1	0	1	0	0	1	"consensus_4013"	"Promoter"	12	9786015	9811010	24996	1	"374443"	"uc001qwd.2"	-350	"ENSG00000256594"	"LOC374443"	"C-type lectin domain family 2 member D pseudogene"	0.166666666666667	0.6	0.333333333333333	0.75	0.166666666666667
"3084"	"chr12"	15037361	15037918	558	"*"	1	0	0	1	0	0	1	0	0	0	0	0	1	1	1	1	0	0	1	1	1	0	1	0	1	1	0	0	1	"consensus_4061"	"Promoter"	12	15034115	15038853	4739	2	"4256"	"uc001rcn.2"	935	"ENSG00000111341"	"MGP"	"matrix Gla protein"	0.166666666666667	0.5	0.666666666666667	0.75	0.5
"3130"	"chr12"	30948453	30949730	1278	"*"	0	1	0	1	0	0	1	1	1	1	0	0	1	1	1	1	1	0	1	1	0	0	0	0	0	1	1	0	1	"consensus_4126"	"Promoter"	12	30948615	30955645	7031	1	"100287314"	"uc001rjo.2"	0	NA	"LINC00941"	"long intergenic non-protein coding RNA 941"	0.166666666666667	0.7	0.333333333333333	0.75	0.666666666666667
"3157"	"chr12"	42983205	42983842	638	"*"	0	1	0	1	0	0	1	1	1	1	0	0	1	1	1	1	0	0	1	0	0	0	0	0	1	1	1	0	1	"consensus_4160"	"Promoter"	12	42852140	42983572	131433	2	"144165"	"uc001rnm.3"	0	"ENSG00000139174"	"PRICKLE1"	"prickle planar cell polarity protein 1"	0.166666666666667	0.7	0.666666666666667	0.75	0.333333333333333
"3296"	"chr12"	54694478	54694934	457	"*"	0	0	0	1	0	0	1	1	1	0	0	0	1	1	1	1	0	0	1	1	1	0	0	1	1	1	0	0	1	"consensus_4335"	"Promoter"	12	54685891	54694821	8931	2	"4778"	"uc001sfr.5"	0	"ENSG00000123405"	"NFE2"	"nuclear factor, erythroid 2"	0.166666666666667	0.6	0.666666666666667	0.75	0.5
"3308"	"chr12"	56031279	56031757	479	"*"	0	0	0	1	1	0	1	1	0	1	0	0	0	1	1	1	1	0	1	1	0	0	0	0	0	1	1	0	1	"consensus_4352"	"Promoter"	12	56030676	56031617	942	1	"121130"	"uc010spq.2"	603	"ENSG00000175398"	"OR10P1"	"olfactory receptor family 10 subfamily P member 1"	0.166666666666667	0.4	0.666666666666667	0.75	0.666666666666667
"3454"	"chr12"	82152462	82153429	968	"*"	0	1	0	1	0	0	1	1	1	1	0	0	1	1	1	1	0	0	1	0	1	0	0	0	0	1	1	0	1	"consensus_4540"	"Promoter"	12	81652045	82152474	500430	2	"8499"	"uc031qiq.1"	0	"ENSG00000139220"	"PPFIA2"	"PTPRF interacting protein alpha 2"	0.166666666666667	0.7	0.333333333333333	0.75	0.5
"3736"	"chr13"	21634637	21635018	382	"*"	0	1	0	0	0	0	0	0	0	0	0	0	0	0	0	1	0	0	1	0	0	0	0	0	0	1	1	0	0	"consensus_4929"	"Promoter"	13	21547176	21634429	87254	2	"26524"	"uc009zzs.3"	-208	"ENSG00000150457"	"LATS2"	"large tumor suppressor kinase 2"	0	0.1	0	0.75	0.166666666666667
"3754"	"chr13"	25254486	25255014	529	"*"	0	1	0	1	0	0	0	1	1	1	0	0	1	1	1	1	1	0	1	0	1	0	0	0	0	1	1	0	1	"consensus_4954"	"Promoter"	13	25254549	25285923	31375	1	"479"	"uc001upp.3"	0	"ENSG00000075673"	"ATP12A"	"ATPase H+/K+ transporting non-gastric alpha2 subunit"	0.166666666666667	0.7	0.333333333333333	0.75	0.5
"3787"	"chr13"	33590241	33592052	1812	"*"	0	0	0	1	0	0	1	1	0	1	0	0	1	1	1	1	1	0	1	0	1	0	1	1	1	1	1	0	1	"consensus_4996"	"Promoter"	13	33590571	33640282	49712	1	"9365"	"uc001uus.3"	0	"ENSG00000133116"	"KL"	"klotho"	0.166666666666667	0.7	0.666666666666667	0.75	0.666666666666667
"3865"	"chr13"	52701870	52702260	391	"*"	0	0	0	1	0	1	1	0	0	0	0	0	0	0	0	1	0	0	1	1	0	0	0	0	0	1	0	0	1	"consensus_5098"	"Promoter"	13	52638900	52703214	64315	2	"341676"	"uc001vge.3"	954	"ENSG00000197168"	"NEK5"	"NIMA related kinase 5"	0	0.2	0	1	0.333333333333333
"3926"	"chr13"	103054697	103054972	276	"*"	0	0	0	1	0	1	1	1	1	1	0	0	1	1	1	1	1	0	0	1	1	0	1	1	1	1	1	0	0	"consensus_5201"	"Promoter"	13	102373205	103054124	680920	2	"2259"	"uc001vpf.2"	-573	"ENSG00000102466"	"FGF14"	"fibroblast growth factor 14"	0.166666666666667	0.7	0.666666666666667	0.75	0.833333333333333
"3972"	"chr14"	20881947	20882222	276	"*"	0	0	0	1	0	1	1	0	0	1	0	1	1	1	1	1	0	0	0	1	0	0	0	0	0	1	1	0	1	"consensus_5263"	"Promoter"	14	20836067	20881579	45513	2	"7011"	"uc010tlg.1"	-368	"ENSG00000129566"	"TEP1"	"telomerase associated protein 1"	0	0.6	0.333333333333333	0.75	0.5
"4003"	"chr14"	23452495	23452798	304	"*"	1	0	0	1	1	1	1	0	1	0	0	0	1	1	1	1	1	0	0	1	0	0	0	1	1	1	1	0	1	"consensus_5301"	"Promoter"	14	23440410	23451848	11439	2	"84962"	"uc001whz.3"	-647	"ENSG00000129474"	"AJUBA"	"ajuba LIM protein"	0.166666666666667	0.6	1	0.75	0.666666666666667
"4136"	"chr14"	54423221	54423805	585	"*"	0	0	0	1	0	0	1	1	1	1	0	0	1	1	1	1	0	0	1	1	0	0	0	0	1	1	1	0	1	"consensus_5469"	"Promoter"	14	54416455	54423554	7100	2	"652"	"uc001xan.4"	0	"ENSG00000125378"	"BMP4"	"bone morphogenetic protein 4"	0.166666666666667	0.6	0.666666666666667	0.75	0.5
"4336"	"chr14"	92413724	92414222	499	"*"	0	1	0	1	1	0	1	1	0	0	0	0	1	1	1	1	1	0	1	0	0	0	0	1	1	1	1	0	1	"consensus_5716"	"Promoter"	14	92335755	92414046	78292	2	"10516"	"uc001xzx.4"	0	"ENSG00000140092"	"FBLN5"	"fibulin 5"	0.166666666666667	0.6	1	0.75	0.5
"4345"	"chr14"	93532384	93532971	588	"*"	0	1	0	1	0	0	0	1	0	1	0	0	1	1	1	1	1	0	1	1	0	0	0	0	1	1	1	0	1	"consensus_5729"	"Promoter"	14	93533797	93538478	4682	1	"319085"	"uc001ybi.3"	-826	"ENSG00000258730"	"ITPK1-AS1"	"ITPK1 antisense RNA 1"	0.166666666666667	0.6	0.666666666666667	0.75	0.5
"4466"	"chr15"	37392389	37392855	467	"*"	0	1	0	0	0	1	0	1	0	0	0	1	1	1	1	1	0	0	1	1	0	0	0	0	1	1	0	0	1	"consensus_5913"	"Promoter"	15	37183222	37392341	209120	2	"4212"	"uc001zjs.4"	-48	"ENSG00000134138"	"MEIS2"	"Meis homeobox 2"	0.166666666666667	0.5	0.666666666666667	1	0.166666666666667
"4476"	"chr15"	40396995	40397520	526	"*"	0	0	0	1	1	1	1	1	1	0	0	0	0	0	1	0	0	0	1	0	1	0	0	1	1	1	0	0	0	"consensus_5927"	"Promoter"	15	40380091	40398292	18202	2	"90427"	"uc001zkt.4"	772	"ENSG00000104081"	"BMF"	"Bcl2 modifying factor"	0.166666666666667	0.3	1	0.75	0.333333333333333
"4537"	"chr15"	43668307	43668640	334	"*"	0	0	0	1	1	1	1	1	1	1	0	0	1	1	1	1	0	0	1	0	0	0	0	1	1	1	0	0	1	"consensus_6001"	"Promoter"	15	43668701	43698240	29540	1	"27229"	"uc010bdh.3"	-61	"ENSG00000137822"	"TUBGCP4"	"tubulin gamma complex associated protein 4"	0.166666666666667	0.7	1	1	0.166666666666667
"4554"	"chr15"	45002538	45003092	555	"*"	1	0	0	1	0	1	0	0	0	0	0	0	0	1	1	0	0	0	1	1	0	0	0	1	1	1	0	0	0	"consensus_6022"	"Promoter"	15	44966961	45003514	36554	2	"197135"	"uc031qrq.1"	422	"ENSG00000229474"	"PATL2"	"PAT1 homolog 2"	0.166666666666667	0.3	0.666666666666667	0.75	0.166666666666667
"4626"	"chr15"	59730109	59730790	682	"*"	0	0	0	1	0	0	1	0	0	0	0	1	0	1	1	1	0	0	1	0	0	1	0	0	0	1	1	0	1	"consensus_6107"	"Promoter"	15	59730372	59752749	22378	1	"145773"	"uc010uha.2"	0	"ENSG00000157470"	"FAM81A"	"family with sequence similarity 81 member A"	0.166666666666667	0.4	0.333333333333333	0.75	0.333333333333333
"4698"	"chr15"	71407543	71408215	673	"*"	0	0	0	1	0	0	1	1	0	1	0	0	1	1	1	1	1	0	1	1	1	0	0	0	1	1	1	0	1	"consensus_6210"	"Promoter"	15	71402583	71407839	5257	2	"196993"	"uc002ata.2"	0	"ENSG00000225362"	"CT62"	"cancer/testis antigen 62"	0.166666666666667	0.5	0.666666666666667	0.75	0.833333333333333
"4795"	"chr15"	83316113	83317055	943	"*"	0	1	0	1	0	0	1	1	1	1	0	0	1	1	1	1	0	0	1	0	1	0	0	1	1	1	1	0	1	"consensus_6344"	"Promoter"	15	83316521	83361572	45052	1	"283692"	"uc031qtd.1"	0	"ENSG00000259462"	"CPEB1-AS1"	"CPEB1 antisense RNA 1"	0.166666666666667	0.8	0.666666666666667	0.75	0.5
"4928"	"chr16"	776844	777432	589	"*"	0	0	0	1	0	0	1	0	0	1	1	1	1	1	1	1	1	0	1	1	1	0	0	1	1	1	1	0	0	"consensus_6526"	"Promoter"	16	772582	776880	4299	2	"124093"	"uc002cjh.3"	0	"ENSG00000162004"	"CCDC78"	"coiled-coil domain containing 78"	0.166666666666667	0.6	0.666666666666667	0.75	0.833333333333333
"4937"	"chr16"	1383092	1383814	723	"*"	0	1	0	1	0	0	1	1	0	1	0	1	1	1	1	1	1	0	1	1	1	0	0	0	1	1	1	0	1	"consensus_6539"	"Promoter"	16	1383606	1399442	15837	1	"8938"	"uc002clj.3"	0	"ENSG00000007516"	"BAIAP3"	"BAI1 associated protein 3"	0.166666666666667	0.7	0.666666666666667	0.75	0.833333333333333
"5113"	"chr16"	21312004	21312472	469	"*"	0	0	0	1	1	1	1	0	1	1	1	0	1	1	1	1	1	0	0	0	1	0	0	0	1	1	1	0	1	"consensus_6768"	"Promoter"	16	21312170	21329912	17743	1	"400508"	"uc010bwr.1"	0	NA	"CRYM-AS1"	"CRYM antisense RNA 1"	0.166666666666667	0.6	1	0.75	0.666666666666667
"5241"	"chr16"	31271002	31271497	496	"*"	0	0	0	0	0	0	0	0	0	0	0	0	0	0	1	1	1	0	1	1	0	0	0	1	0	1	1	0	1	"consensus_6927"	"Promoter"	16	31271288	31344213	72926	1	"3684"	"uc002ebq.3"	0	"ENSG00000169896"	"ITGAM"	"integrin subunit alpha M"	0	0.2	0.333333333333333	0.75	0.5
"5243"	"chr16"	31438829	31439347	519	"*"	0	1	0	1	0	0	0	0	1	1	1	0	1	1	0	1	0	0	1	1	1	0	0	1	1	1	1	0	1	"consensus_6931"	"Promoter"	16	31439052	31439749	698	2	"1339"	"uc002ebx.2"	402	"ENSG00000156885"	"COX6A2"	"cytochrome c oxidase subunit 6A2"	0.166666666666667	0.8	0.333333333333333	0.75	0.5
"5261"	"chr16"	48190635	48191003	369	"*"	0	1	0	1	0	0	1	1	1	1	0	1	1	1	1	1	1	0	1	1	1	0	1	0	1	1	1	0	1	"consensus_6959"	"Promoter"	16	48167598	48189929	22332	2	"94160"	"uc010vgj.1"	-706	"ENSG00000140798"	"ABCC12"	"ATP binding cassette subfamily C member 12"	0.166666666666667	0.9	0.666666666666667	0.75	0.833333333333333
"5727"	"chr17"	10101409	10102653	1245	"*"	0	1	0	1	0	0	1	0	1	0	0	0	1	1	1	1	1	0	1	1	1	1	1	1	1	1	1	0	1	"consensus_7579"	"Promoter"	17	9813926	10101868	287943	2	"8522"	"uc002gmg.1"	0	"ENSG00000007237"	"GAS7"	"growth arrest specific 7"	0.166666666666667	0.8	0.666666666666667	0.75	0.833333333333333
"5965"	"chr17"	38074695	38074994	300	"*"	0	0	0	0	1	1	1	0	0	0	0	0	0	0	0	1	1	0	0	0	0	0	0	0	1	1	0	0	1	"consensus_7881"	"Promoter"	17	38060848	38074903	14056	2	"55876"	"uc002hth.3"	0	"ENSG00000073605"	"GSDMB"	"gasdermin B"	0	0.1	0.666666666666667	0.75	0.333333333333333
"6094"	"chr17"	44895951	44896503	553	"*"	0	0	0	1	0	0	1	1	1	1	0	0	1	0	1	1	1	0	1	1	1	0	1	1	1	1	0	0	1	"consensus_8036"	"Promoter"	17	44839872	44896126	56255	2	"7473"	"uc002ikv.3"	0	"ENSG00000108379"	"WNT3"	"Wnt family member 3"	0.166666666666667	0.7	0.666666666666667	0.75	0.666666666666667
"6174"	"chr17"	53342972	53343380	409	"*"	0	1	0	1	0	0	1	1	0	0	0	0	1	1	1	1	0	0	1	1	0	0	0	0	0	1	1	0	1	"consensus_8141"	"Promoter"	17	53343171	53402426	59256	1	"3131"	"uc010dce.1"	0	"ENSG00000108924"	"HLF"	"HLF transcription factor, PAR bZIP family member"	0.166666666666667	0.5	0.333333333333333	0.75	0.5
"6229"	"chr17"	59488171	59488547	377	"*"	0	1	0	1	0	0	1	1	1	1	0	0	1	1	1	1	1	0	1	1	1	0	0	1	1	1	1	0	1	"consensus_8211"	"Promoter"	17	59489112	59490641	1530	1	"388407"	"uc002izh.1"	-565	"ENSG00000187013"	"C17orf82"	"chromosome 17 open reading frame 82"	0.166666666666667	0.8	0.666666666666667	0.75	0.833333333333333
"6374"	"chr17"	74707003	74707322	320	"*"	0	1	0	1	0	0	1	1	0	0	0	0	1	1	1	1	1	0	1	1	1	0	0	1	1	1	1	0	1	"consensus_8410"	"Promoter"	17	74671809	74707056	35248	2	"439921"	"uc002jsk.1"	0	"ENSG00000182534"	"MXRA7"	"matrix remodeling associated 7"	0.166666666666667	0.6	0.666666666666667	0.75	0.833333333333333
"6378"	"chr17"	75082569	75082882	314	"*"	0	0	0	1	0	0	1	0	0	1	0	0	0	1	1	1	1	0	1	0	1	0	1	0	0	1	1	0	1	"consensus_8416"	"Promoter"	17	75082798	75095278	12481	1	"654434"	"uc021udp.1"	0	"ENSG00000234912"	"SNHG20"	"small nucleolar RNA host gene 20"	0	0.5	0.333333333333333	0.75	0.666666666666667
"6413"	"chr17"	77038439	77038888	450	"*"	0	0	0	1	0	0	1	1	0	1	0	0	0	1	1	1	0	0	1	1	0	0	0	0	0	1	0	0	0	"consensus_8459"	"Promoter"	17	77039675	77045870	6196	1	"114897"	"uc002jwt.3"	-787	"ENSG00000173918"	"C1QTNF1"	"C1q and TNF related 1"	0.166666666666667	0.3	0.333333333333333	0.75	0.333333333333333
"6629"	"chr18"	52988972	52989320	349	"*"	0	0	0	0	0	0	0	0	0	0	0	0	0	1	0	1	0	0	1	1	1	0	0	0	0	1	0	0	0	"consensus_8771"	"Promoter"	18	52889562	52989090	99529	2	"6925"	"uc002lfw.4"	0	"ENSG00000196628"	"TCF4"	"transcription factor 4"	0	0.1	0	0.75	0.333333333333333
"6663"	"chr18"	67623255	67623624	370	"*"	0	0	0	1	0	1	0	1	0	1	0	0	1	1	1	1	1	0	0	1	1	0	0	0	1	1	1	0	0	"consensus_8815"	"Promoter"	18	67530193	67624232	94040	2	"10666"	"uc002lkm.4"	608	"ENSG00000150637"	"CD226"	"CD226 molecule"	0.166666666666667	0.4	0.666666666666667	0.75	0.666666666666667
"6795"	"chr19"	3479087	3480169	1083	"*"	0	0	1	0	1	0	0	0	1	0	0	1	1	0	0	1	1	0	1	1	1	0	0	0	1	1	1	0	0	"consensus_9013"	"Promoter"	19	3474405	3480540	6136	2	"284422"	"uc010xhk.1"	371	"ENSG00000095932"	"SMIM24"	"small integral membrane protein 24"	0.166666666666667	0.3	0.666666666666667	0.75	0.666666666666667
"6866"	"chr19"	6773203	6773724	522	"*"	0	0	0	1	0	1	1	1	0	1	0	0	1	1	1	1	0	0	0	1	0	0	0	1	1	1	1	0	1	"consensus_9107"	"Promoter"	19	6772679	6857377	84699	1	"7409"	"uc010xjh.2"	524	"ENSG00000141968"	"VAV1"	"vav guanine nucleotide exchange factor 1"	0.166666666666667	0.6	0.666666666666667	0.75	0.5
"6871"	"chr19"	7570786	7571632	847	"*"	0	0	0	1	0	0	1	1	1	0	0	0	1	1	1	1	1	0	1	0	1	0	1	1	1	1	1	0	1	"consensus_9114"	"Promoter"	19	7570403	7571586	1184	1	"374877"	"uc010xjo.1"	383	"ENSG00000198723"	"TEX45"	"testis expressed 45"	0.166666666666667	0.7	0.666666666666667	0.75	0.666666666666667
"6983"	"chr19"	12266615	12267809	1195	"*"	0	0	0	1	0	0	1	0	0	1	0	0	1	1	1	1	0	0	1	1	1	0	1	1	1	1	0	0	1	"consensus_9258"	"Promoter"	19	12242168	12267546	25379	2	"100529855"	"uc002mtg.2"	0	NA	"ZNF625-ZNF20"	"ZNF625-ZNF20 readthrough (NMD candidate)"	0	0.7	0.666666666666667	0.75	0.5
"7042"	"chr19"	14606067	14606520	454	"*"	0	0	0	0	1	1	0	1	0	0	0	0	0	0	1	1	1	0	0	1	0	0	0	1	0	1	0	0	0	"consensus_9336"	"Promoter"	19	14588571	14606961	18391	2	"10755"	"uc002myt.4"	441	"ENSG00000123159"	"GIPC1"	"GIPC PDZ domain containing family member 1"	0.166666666666667	0.1	0.666666666666667	0.75	0.333333333333333
"7170"	"chr19"	21665622	21666203	582	"*"	0	1	0	1	1	1	1	1	1	1	0	1	1	1	1	1	1	0	0	1	0	0	0	1	1	1	1	0	1	"consensus_9510"	"Promoter"	19	21666176	21682696	16521	1	"400680"	"uc002nqa.3"	0	"ENSG00000268658"	"LINC00664"	"long intergenic non-protein coding RNA 664"	0.166666666666667	0.9	1	0.75	0.666666666666667
"7240"	"chr19"	36164043	36164791	749	"*"	0	0	0	1	1	0	1	1	0	1	0	1	1	1	1	1	1	0	1	1	1	0	1	1	1	1	1	0	1	"consensus_9601"	"Promoter"	19	36158850	36164193	5344	2	"100862728"	"uc002oax.1"	0	"ENSG00000226510"	"UPK1A-AS1"	"UPK1A antisense RNA 1"	0.166666666666667	0.8	1	0.75	0.833333333333333
"7782"	"chr2"	946093	946896	804	"*"	0	1	0	1	0	0	1	1	1	1	0	0	1	1	1	1	1	0	1	0	0	0	0	1	0	1	0	0	1	"consensus_10295"	"Promoter"	2	946554	1157357	210804	1	"54221"	"uc002qwp.3"	0	"ENSG00000172554"	"SNTG2"	"syntrophin gamma 2"	0.166666666666667	0.8	0.333333333333333	0.75	0.333333333333333
"7907"	"chr2"	30144360	30144732	373	"*"	0	0	0	1	0	0	1	1	0	1	0	0	1	1	1	1	1	0	1	1	1	0	0	0	1	1	1	0	1	"consensus_10462"	"Promoter"	2	29415640	30144477	728838	2	"238"	"uc002rmy.3"	0	"ENSG00000171094"	"ALK"	"ALK receptor tyrosine kinase"	0.166666666666667	0.5	0.666666666666667	0.75	0.833333333333333
"8071"	"chr2"	70994508	70995583	1076	"*"	0	1	0	1	0	0	1	1	0	0	0	0	1	1	1	1	0	0	1	0	1	0	1	0	1	1	1	0	1	"consensus_10678"	"Promoter"	2	70834750	70995375	160626	2	"119"	"uc010fds.2"	0	"ENSG00000075340"	"ADD2"	"adducin 2"	0.166666666666667	0.6	0.666666666666667	0.75	0.5
"8109"	"chr2"	74668720	74669465	746	"*"	0	0	0	1	0	0	1	1	1	1	0	0	1	1	1	1	1	0	1	1	1	0	0	0	1	1	1	0	1	"consensus_10726"	"Promoter"	2	74652988	74669060	16073	2	"6242"	"uc002sle.3"	0	"ENSG00000114993"	"RTKN"	"rhotekin"	0.166666666666667	0.6	0.666666666666667	0.75	0.833333333333333
"8164"	"chr2"	88469532	88470082	551	"*"	0	1	0	1	0	0	1	1	0	1	0	0	1	1	1	1	1	0	1	1	1	0	1	0	1	1	1	0	1	"consensus_10802"	"Promoter"	2	88469814	88486156	16343	1	"55258"	"uc002ssw.4"	0	"ENSG00000144115"	"THNSL2"	"threonine synthase like 2"	0.166666666666667	0.7	0.666666666666667	0.75	0.833333333333333
"8243"	"chr2"	109605347	109605903	557	"*"	0	0	0	1	0	0	1	1	1	1	0	0	1	1	1	1	1	0	1	1	1	0	0	0	1	1	1	0	1	"consensus_10911"	"Promoter"	2	109510927	109605828	94902	2	"10913"	"uc002teq.4"	0	"ENSG00000135960"	"EDAR"	"ectodysplasin A receptor"	0.166666666666667	0.6	0.666666666666667	0.75	0.833333333333333
"8424"	"chr2"	175191121	175192232	1112	"*"	0	0	0	1	0	0	1	1	0	0	0	0	0	1	1	1	1	0	1	1	1	0	0	0	1	1	1	0	1	"consensus_11169"	"Promoter"	2	175190755	175195370	4616	1	"285084"	"uc021vsm.1"	366	"ENSG00000231453"	"LINC01305"	"long intergenic non-protein coding RNA 1305"	0.166666666666667	0.3	0.666666666666667	0.75	0.833333333333333
"8585"	"chr2"	218621244	218621662	419	"*"	0	1	0	1	0	0	1	1	1	1	0	0	1	1	1	1	1	0	1	0	0	0	1	0	1	1	1	0	1	"consensus_11395"	"Promoter"	2	218148746	218621316	472571	2	"729582"	"uc002vgo.3"	0	NA	"DIRC3"	"disrupted in renal carcinoma 3"	0.166666666666667	0.8	0.666666666666667	0.75	0.5
"8778"	"chr20"	3761955	3762265	311	"*"	0	0	0	1	0	1	1	0	0	0	0	0	1	0	0	1	1	0	1	1	1	0	0	0	0	0	0	0	1	"consensus_11675"	"Promoter"	20	3758151	3762102	3952	2	"25876"	"uc002wjj.3"	0	"ENSG00000101222"	"SPEF1"	"sperm flagellar 1"	0	0.3	0	0.75	0.666666666666667
"8878"	"chr20"	31262121	31262544	424	"*"	0	0	0	1	1	1	1	1	0	1	0	0	1	1	1	1	1	0	0	0	1	0	0	1	1	1	1	0	1	"consensus_11805"	"Promoter"	20	31219427	31261743	42317	2	"284805"	"uc002wxz.3"	-378	"ENSG00000198547"	"C20orf203"	"chromosome 20 open reading frame 203"	0.166666666666667	0.6	1	0.75	0.666666666666667
"8942"	"chr20"	35974084	35975205	1122	"*"	0	1	0	1	0	0	1	1	1	1	0	0	1	1	1	1	1	0	1	1	1	0	1	0	1	1	1	0	1	"consensus_11892"	"Promoter"	20	35974557	36033821	59265	1	"6714"	"uc002xgy.3"	0	"ENSG00000197122"	"SRC"	"SRC proto-oncogene, non-receptor tyrosine kinase"	0.166666666666667	0.8	0.666666666666667	0.75	0.833333333333333
"8961"	"chr20"	39969180	39969595	416	"*"	0	1	0	1	0	0	1	1	1	1	0	1	1	1	1	1	1	0	1	1	1	0	1	1	1	1	1	0	1	"consensus_11914"	"Promoter"	20	39969560	39989222	19663	1	"64900"	"uc002xjx.3"	0	"ENSG00000132793"	"LPIN3"	"lipin 3"	0.166666666666667	1	0.666666666666667	0.75	0.833333333333333
"9102"	"chr20"	62130138	62130765	628	"*"	0	1	0	1	0	0	1	1	1	1	0	0	1	1	1	1	1	0	1	1	1	0	0	1	1	1	1	0	1	"consensus_12120"	"Promoter"	20	62119365	62130668	11304	2	"1917"	"uc002yfe.2"	0	"ENSG00000101210"	"EEF1A2"	"eukaryotic translation elongation factor 1 alpha 2"	0.166666666666667	0.8	0.666666666666667	0.75	0.833333333333333
"9356"	"chr22"	22901530	22901890	361	"*"	0	0	0	1	0	0	1	1	1	1	0	0	1	1	1	1	1	0	1	1	1	0	1	1	1	1	1	0	1	"consensus_12480"	"Promoter"	22	22890123	22901550	11428	2	"23532"	"uc002zwg.3"	0	"ENSG00000185686"	"PRAME"	"preferentially expressed antigen in melanoma"	0.166666666666667	0.8	0.666666666666667	0.75	0.833333333333333
"9380"	"chr22"	24988698	24989256	559	"*"	0	0	0	1	0	0	0	1	0	0	0	0	1	1	0	1	0	0	1	1	0	0	0	0	0	1	1	0	1	"consensus_12508"	"Promoter"	22	24981591	24989035	7445	2	"388886"	"uc003aaq.2"	0	"ENSG00000178026"	"LRRC75B"	"leucine rich repeat containing 75B"	0.166666666666667	0.4	0	0.75	0.333333333333333
"9492"	"chr22"	38070974	38071347	374	"*"	0	0	0	1	0	0	1	0	0	1	0	1	1	1	1	1	1	0	1	1	0	1	0	1	0	1	1	0	1	"consensus_12660"	"Promoter"	22	38071613	38075809	4197	1	"3956"	"uc003atn.3"	-266	"ENSG00000100097"	"LGALS1"	"galectin 1"	0.166666666666667	0.7	0.333333333333333	0.75	0.666666666666667
"9714"	"chr3"	12837918	12838851	934	"*"	0	1	0	1	0	0	1	1	1	1	0	0	1	1	1	1	1	0	1	1	1	0	0	1	0	1	1	0	1	"consensus_12970"	"Promoter"	3	12838171	12876313	38143	1	"23066"	"uc003bxj.2"	0	"ENSG00000144712"	"CAND2"	"cullin associated and neddylation dissociated 2 (putative)"	0.166666666666667	0.8	0.333333333333333	0.75	0.833333333333333
"9764"	"chr3"	29322182	29322576	395	"*"	1	0	0	1	0	0	0	0	1	1	0	0	1	1	1	1	0	0	1	1	1	0	1	0	1	1	1	0	1	"consensus_13044"	"Promoter"	3	29322803	30032809	710007	1	"27303"	"uc003cek.3"	-227	"ENSG00000144642"	"RBMS3"	"RNA binding motif single stranded interacting protein 3"	0.166666666666667	0.7	0.666666666666667	0.75	0.5
"9832"	"chr3"	42977012	42977363	352	"*"	0	0	0	1	0	1	1	1	0	0	0	0	1	0	1	1	0	0	0	0	0	0	0	0	1	1	0	0	0	"consensus_13130"	"Promoter"	3	42977834	42984283	6450	1	"100506243"	"uc003cmm.4"	-471	"ENSG00000240747"	"KRBOX1"	"KRAB box domain containing 1"	0.166666666666667	0.2	0.666666666666667	0.75	0.166666666666667
"10004"	"chr3"	57199142	57199564	423	"*"	0	0	0	1	0	0	0	0	1	0	0	0	1	0	1	1	0	0	1	1	0	0	0	0	1	1	1	0	1	"consensus_13351"	"Promoter"	3	57124010	57199403	75394	2	"54756"	"uc003dil.3"	0	"ENSG00000144730"	"IL17RD"	"interleukin 17 receptor D"	0	0.4	0.666666666666667	0.75	0.333333333333333
"10323"	"chr3"	157823441	157823849	409	"*"	0	0	0	1	0	0	0	0	0	0	0	0	1	1	1	1	1	0	1	1	1	0	0	0	0	1	1	0	1	"consensus_13779"	"Promoter"	3	157813800	157823952	10153	2	"6474"	"uc003fbr.3"	103	"ENSG00000168779"	"SHOX2"	"short stature homeobox 2"	0	0.4	0.333333333333333	0.75	0.666666666666667
"10347"	"chr3"	169487073	169487448	376	"*"	0	1	0	1	0	0	1	0	1	1	0	0	1	1	1	1	1	0	1	1	0	0	0	1	1	1	1	0	1	"consensus_13813"	"Promoter"	3	169484711	169487683	2973	2	"84517"	"uc003ffs.2"	235	"ENSG00000184378"	"ACTRT3"	"actin related protein T3"	0	0.8	0.666666666666667	0.75	0.666666666666667
"10363"	"chr3"	171849886	171850395	510	"*"	0	1	0	1	0	0	0	0	0	0	0	0	0	1	1	1	0	0	1	1	1	1	0	0	0	1	1	0	1	"consensus_13833"	"Promoter"	3	171851261	172056104	204844	1	"64778"	"uc003fia.3"	-866	"ENSG00000075420"	"FNDC3B"	"fibronectin type III domain containing 3B"	0.166666666666667	0.4	0.333333333333333	0.75	0.5
"10494"	"chr4"	1107181	1107936	756	"*"	0	1	0	1	0	0	1	0	0	1	0	1	1	1	1	1	1	0	1	1	1	0	0	1	0	1	1	0	1	"consensus_14006"	"Promoter"	4	1065266	1107352	42087	2	"285498"	"uc003gci.3"	0	"ENSG00000178222"	"RNF212"	"ring finger protein 212"	0	0.8	0.333333333333333	0.75	0.833333333333333
"10538"	"chr4"	5709865	5710466	602	"*"	0	1	0	1	0	0	1	1	1	1	0	0	1	1	1	1	1	0	1	1	1	0	1	1	1	1	1	0	1	"consensus_14070"	"Promoter"	4	5564146	5710294	146149	2	"132884"	"uc003gij.3"	0	"ENSG00000173040"	"EVC2"	"EvC ciliary complex subunit 2"	0.166666666666667	0.9	0.666666666666667	0.75	0.833333333333333
"10576"	"chr4"	15963426	15964094	669	"*"	0	0	0	0	0	0	0	0	0	0	0	0	0	1	1	1	1	0	1	1	0	1	0	0	1	1	0	0	0	"consensus_14123"	"Promoter"	4	15961863	15964859	2997	2	"83888"	"uc003gon.3"	765	"ENSG00000137441"	"FGFBP2"	"fibroblast growth factor binding protein 2"	0.166666666666667	0.1	0.666666666666667	0.75	0.333333333333333
"10710"	"chr4"	75230417	75231343	927	"*"	0	1	0	1	0	0	1	0	1	0	0	0	1	1	1	1	1	0	1	0	1	0	0	0	0	1	1	0	1	"consensus_14295"	"Promoter"	4	75230860	75247703	16844	1	"2069"	"uc003hid.3"	0	"ENSG00000124882"	"EREG"	"epiregulin"	0	0.6	0.333333333333333	0.75	0.666666666666667
"10711"	"chr4"	75310966	75311213	248	"*"	0	0	0	1	0	0	1	1	1	1	0	0	1	1	1	1	0	0	1	0	0	0	1	1	1	1	1	0	1	"consensus_14296"	"Promoter"	4	75310853	75490485	179633	1	"374"	"uc021xpc.1"	113	"ENSG00000109321"	"AREG"	"amphiregulin"	0.166666666666667	0.8	0.666666666666667	0.75	0.333333333333333
"10790"	"chr4"	95679117	95679850	734	"*"	0	1	0	1	0	0	1	0	1	1	0	0	1	0	0	1	0	0	1	1	0	1	1	1	1	1	1	0	0	"consensus_14401"	"Promoter"	4	95679128	96079601	400474	1	"658"	"uc003htm.4"	0	"ENSG00000138696"	"BMPR1B"	"bone morphogenetic protein receptor type 1B"	0.166666666666667	0.7	0.333333333333333	0.75	0.5
"10823"	"chr4"	108745847	108746546	700	"*"	0	0	0	1	0	0	0	0	0	1	0	0	0	0	1	1	0	0	1	0	0	0	1	0	1	1	1	0	1	"consensus_14447"	"Promoter"	4	108745721	108836204	90484	1	"166929"	"uc003hyl.4"	126	"ENSG00000164023"	"SGMS2"	"sphingomyelin synthase 2"	0	0.4	0.666666666666667	0.75	0.166666666666667
"10986"	"chr4"	174293008	174293403	396	"*"	0	0	0	1	0	0	1	1	0	0	0	0	1	1	1	1	0	0	1	1	0	0	0	0	0	1	0	0	1	"consensus_14669"	"Promoter"	4	174292093	174298683	6591	1	"8819"	"uc003itd.3"	915	"ENSG00000164105"	"SAP30"	"Sin3A associated protein 30"	0.166666666666667	0.4	0.333333333333333	0.75	0.333333333333333
"11005"	"chr4"	185726674	185727062	389	"*"	0	0	0	1	0	1	1	0	0	0	1	0	0	1	0	0	0	0	1	0	1	0	0	1	0	1	0	0	0	"consensus_14692"	"Promoter"	4	185676749	185726942	50194	2	"2180"	"uc003iww.2"	0	"ENSG00000151726"	"ACSL1"	"acyl-CoA synthetase long chain family member 1"	0.166666666666667	0.3	0	0.75	0.333333333333333
"11105"	"chr5"	42423384	42424056	673	"*"	0	0	0	1	1	1	1	1	1	1	0	0	1	0	1	0	0	0	1	0	1	0	0	0	1	1	0	0	0	"consensus_14844"	"Promoter"	5	42423877	42721980	298104	1	"2690"	"uc003jmt.3"	0	"ENSG00000112964"	"GHR"	"growth hormone receptor"	0.166666666666667	0.4	1	0.75	0.333333333333333
"11269"	"chr5"	96478302	96478736	435	"*"	0	0	0	1	0	1	1	0	1	0	0	0	1	1	1	1	1	0	0	1	0	0	0	0	1	1	1	0	1	"consensus_15054"	"Promoter"	5	96427574	96478520	50947	2	"167410"	"uc003kmy.4"	0	"ENSG00000145721"	"LIX1"	"limb and CNS expressed 1"	0	0.5	0.666666666666667	0.75	0.666666666666667
"11350"	"chr5"	131310228	131311411	1184	"*"	0	1	0	1	1	1	1	1	0	1	0	0	1	1	1	1	1	0	0	0	0	0	1	1	1	1	0	0	1	"consensus_15160"	"Promoter"	5	131285667	131309728	24062	2	"23305"	"uc003kvw.2"	-500	"ENSG00000164398"	"ACSL6"	"acyl-CoA synthetase long chain family member 6"	0.166666666666667	0.8	1	0.75	0.333333333333333
"11384"	"chr5"	133862090	133862884	795	"*"	0	0	0	1	0	0	1	1	0	1	0	0	1	1	1	1	1	0	1	1	0	0	0	0	1	1	1	0	1	"consensus_15204"	"Promoter"	5	133861798	133918918	57121	1	"23338"	"uc003kzo.1"	292	"ENSG00000043143"	"JADE2"	"jade family PHD finger 2"	0.166666666666667	0.5	0.666666666666667	0.75	0.666666666666667
"11398"	"chr5"	137070819	137072028	1210	"*"	0	1	0	1	0	0	1	1	0	1	0	0	1	1	1	1	1	0	1	1	1	0	1	1	0	1	1	0	1	"consensus_15226"	"Promoter"	5	136953189	137071779	118591	2	"26249"	"uc010jek.3"	0	"ENSG00000146021"	"KLHL3"	"kelch like family member 3"	0.166666666666667	0.8	0.333333333333333	0.75	0.833333333333333
"11471"	"chr5"	145316038	145316552	515	"*"	0	0	0	1	0	0	0	1	1	0	0	0	1	1	1	1	1	0	1	1	1	0	0	1	0	1	1	0	1	"consensus_15327"	"Promoter"	5	145316126	145442879	126754	1	"153769"	"uc003lnt.3"	0	"ENSG00000156463"	"SH3RF2"	"SH3 domain containing ring finger 2"	0.166666666666667	0.6	0.333333333333333	0.75	0.666666666666667
"11526"	"chr5"	156771317	156771882	566	"*"	1	0	0	1	1	1	1	0	0	1	0	0	1	1	1	1	1	0	0	1	0	0	0	0	1	1	1	0	1	"consensus_15405"	"Promoter"	5	156768607	156772729	4123	2	"408263"	"uc003lwu.2"	847	"ENSG00000172568"	"FNDC9"	"fibronectin type III domain containing 9"	0.166666666666667	0.5	1	0.75	0.666666666666667
"11527"	"chr5"	156886885	156887526	642	"*"	0	1	0	1	0	0	1	1	1	1	0	1	1	1	1	1	1	0	1	1	1	0	1	1	1	1	1	0	1	"consensus_15406"	"Promoter"	5	156887027	156901730	14704	1	"348938"	"uc003lwx.4"	0	"ENSG00000172548"	"NIPAL4"	"NIPA like domain containing 4"	0.166666666666667	1	0.666666666666667	0.75	0.833333333333333
"11564"	"chr5"	170845666	170846118	453	"*"	0	0	0	1	0	0	1	0	0	1	0	0	1	1	0	1	1	0	1	1	0	0	0	1	1	1	1	0	1	"consensus_15456"	"Promoter"	5	170846667	170884630	37964	1	"8817"	"uc003mbk.3"	-549	"ENSG00000156427"	"FGF18"	"fibroblast growth factor 18"	0	0.6	0.333333333333333	0.75	0.666666666666667
"11575"	"chr5"	172359342	172359818	477	"*"	0	1	0	1	0	0	1	1	1	1	0	0	1	1	1	1	1	0	1	1	1	0	0	1	1	1	1	0	1	"consensus_15471"	"Promoter"	5	172360665	172379688	19024	1	"57222"	"uc003mca.4"	-847	"ENSG00000113719"	"ERGIC1"	"endoplasmic reticulum-golgi intermediate compartment 1"	0.166666666666667	0.8	0.666666666666667	0.75	0.833333333333333
"11583"	"chr5"	174151393	174151791	399	"*"	0	0	0	1	0	0	1	1	1	1	0	0	1	1	1	1	1	0	1	0	0	0	0	0	1	1	1	0	1	"consensus_15481"	"Promoter"	5	174151575	174157902	6328	1	"4488"	"uc003mcy.3"	0	"ENSG00000120149"	"MSX2"	"msh homeobox 2"	0.166666666666667	0.6	0.666666666666667	0.75	0.5
"11586"	"chr5"	175084796	175085332	537	"*"	0	1	0	1	0	0	1	1	1	1	0	0	1	1	1	1	0	0	1	0	0	0	1	1	1	1	1	0	1	"consensus_15484"	"Promoter"	5	175085040	175113245	28206	1	"3274"	"uc003mdc.4"	0	"ENSG00000113749"	"HRH2"	"histamine receptor H2"	0.166666666666667	0.9	0.666666666666667	0.75	0.333333333333333
"11758"	"chr6"	24720284	24720795	512	"*"	0	0	0	1	0	0	1	1	0	0	0	0	1	1	1	1	1	0	1	1	0	0	0	0	1	1	1	0	1	"consensus_15715"	"Promoter"	6	24705090	24719403	14314	2	"81688"	"uc003nel.3"	-881	"ENSG00000112308"	"C6orf62"	"chromosome 6 open reading frame 62"	0.166666666666667	0.4	0.666666666666667	0.75	0.666666666666667
"11821"	"chr6"	27661464	27662354	891	"*"	0	0	0	1	0	1	1	1	1	1	0	0	1	1	1	1	1	0	1	1	1	0	0	1	1	1	1	0	1	"consensus_15788"	"Promoter"	6	27661814	27678001	16188	1	"100507173"	"uc021yrb.1"	0	"ENSG00000281706"	"LINC01012"	"long intergenic non-protein coding RNA 1012"	0.166666666666667	0.7	0.666666666666667	1	0.833333333333333
"11897"	"chr6"	31461619	31461903	285	"*"	0	0	0	0	0	0	0	0	0	0	0	0	1	1	1	1	1	0	1	0	0	1	0	1	1	1	0	0	0	"consensus_15879"	"Promoter"	6	31462658	31478901	16244	1	"4277"	"uc011dnm.2"	-755	"ENSG00000204516"	"MICB"	"MHC class I polypeptide-related sequence B"	0.166666666666667	0.3	0.666666666666667	0.75	0.166666666666667
"11904"	"chr6"	31543136	31543658	523	"*"	0	0	1	1	1	1	1	0	0	1	0	0	1	1	1	1	1	0	0	1	1	0	1	1	1	1	1	0	1	"consensus_15889"	"Promoter"	6	31543344	31546112	2769	1	"7124"	"uc003nui.4"	0	"ENSG00000232810"	"TNF"	"tumor necrosis factor"	0.166666666666667	0.7	1	0.75	0.833333333333333
"12117"	"chr6"	49518186	49519524	1339	"*"	0	0	0	1	0	0	1	1	1	1	0	0	0	0	1	1	0	0	1	1	1	0	0	1	1	1	1	0	1	"consensus_16162"	"Promoter"	6	49518113	49519808	1696	1	"135398"	"uc011dwo.2"	73	"ENSG00000197261"	"C6orf141"	"chromosome 6 open reading frame 141"	0.166666666666667	0.5	0.666666666666667	0.75	0.666666666666667
"12185"	"chr6"	86159511	86160235	725	"*"	0	0	0	1	0	0	1	0	0	1	0	0	1	1	1	1	1	0	1	0	1	1	0	1	1	1	1	0	1	"consensus_16252"	"Promoter"	6	86159302	86205509	46208	1	"4907"	"uc010kbr.3"	209	"ENSG00000135318"	"NT5E"	"5'-nucleotidase ecto"	0.166666666666667	0.6	0.666666666666667	0.75	0.666666666666667
"12455"	"chr6"	166720639	166721329	691	"*"	0	1	0	1	0	0	1	1	0	1	0	0	1	1	1	1	1	0	1	1	1	0	1	0	0	1	0	0	1	"consensus_16624"	"Promoter"	6	166719168	166721871	2704	2	"285800"	"uc003quw.1"	542	"ENSG00000176381"	"PRR18"	"proline rich 18"	0.166666666666667	0.7	0.333333333333333	0.75	0.666666666666667
"12875"	"chr7"	99527028	99527586	559	"*"	0	1	0	1	0	1	1	1	0	1	0	0	1	1	1	1	1	0	0	1	1	0	0	1	1	1	1	0	1	"consensus_17237"	"Promoter"	7	99520892	99527243	6352	2	"349149"	"uc011kjd.2"	0	"ENSG00000176402"	"GJC3"	"gap junction protein gamma 3"	0.166666666666667	0.7	0.666666666666667	0.75	0.833333333333333
"12887"	"chr7"	99764015	99764304	290	"*"	0	0	0	1	1	1	1	1	0	1	0	0	0	1	1	1	1	0	0	0	0	0	0	0	1	1	0	0	1	"consensus_17249"	"Promoter"	7	99756865	99764906	8042	2	"79690"	"uc022aii.1"	602	"ENSG00000197093"	"GAL3ST4"	"galactose-3-O-sulfotransferase 4"	0.166666666666667	0.4	1	0.75	0.333333333333333
"12939"	"chr7"	103086283	103086867	585	"*"	0	1	0	1	0	0	1	0	1	1	0	1	1	1	1	1	1	0	1	1	0	0	0	0	0	1	1	1	1	"consensus_17320"	"Promoter"	7	102993177	103086624	93448	2	"375611"	"uc003vbt.2"	0	"ENSG00000170615"	"SLC26A5"	"solute carrier family 26 member 5"	0.166666666666667	0.8	0.333333333333333	0.75	0.666666666666667
"12965"	"chr7"	110729948	110730240	293	"*"	0	0	0	1	0	1	0	1	0	1	0	0	1	1	1	1	0	0	0	0	0	0	0	0	0	1	0	0	0	"consensus_17359"	"Promoter"	7	110731062	110765509	34448	1	"54674"	"uc003vfs.4"	-822	"ENSG00000173114"	"LRRN3"	"leucine rich repeat neuronal 3"	0.166666666666667	0.4	0.333333333333333	0.75	0
"13006"	"chr7"	127671847	127672795	949	"*"	0	0	0	1	0	0	1	1	1	1	0	1	1	1	1	1	1	0	1	0	1	0	0	0	0	1	1	0	1	"consensus_17419"	"Promoter"	7	127667124	127671002	3879	2	"64101"	"uc003vmk.3"	-845	"ENSG00000128594"	"LRRC4"	"leucine rich repeat containing 4"	0.166666666666667	0.7	0.333333333333333	0.75	0.666666666666667
"13019"	"chr7"	128580561	128580857	297	"*"	0	0	0	1	0	0	1	0	1	0	0	0	1	1	0	1	1	0	1	1	0	0	0	1	0	1	1	0	1	"consensus_17433"	"Promoter"	7	128580772	128587589	6818	1	"3663"	"uc003vok.2"	0	"ENSG00000128604"	"IRF5"	"interferon regulatory factor 5"	0	0.6	0	0.75	0.666666666666667
"13059"	"chr7"	137620554	137621113	560	"*"	0	0	0	1	1	1	1	1	0	0	0	0	1	1	1	1	1	0	1	0	0	0	0	0	1	1	1	0	1	"consensus_17483"	"Promoter"	7	137590448	137620655	30208	2	"64764"	"uc031szf.1"	0	"ENSG00000182158"	"CREB3L2"	"cAMP responsive element binding protein 3 like 2"	0.166666666666667	0.4	1	1	0.5
"13360"	"chr8"	42623594	42624209	616	"*"	0	0	0	1	1	1	1	1	0	0	0	0	0	1	1	1	0	0	0	0	0	0	0	0	1	1	0	0	1	"consensus_17909"	"Promoter"	8	42607780	42623929	16150	2	"8973"	"uc003xpj.3"	0	"ENSG00000147434"	"CHRNA6"	"cholinergic receptor nicotinic alpha 6 subunit"	0.166666666666667	0.3	1	0.75	0.166666666666667
"13454"	"chr8"	82632832	82633142	311	"*"	0	0	0	1	0	0	1	1	1	0	0	0	1	1	1	1	0	0	1	1	1	0	0	0	0	1	1	0	0	"consensus_18043"	"Promoter"	8	82613566	82633539	19974	2	"79752"	"uc003ycj.2"	397	"ENSG00000104231"	"ZFAND1"	"zinc finger AN1-type containing 1"	0.166666666666667	0.4	0.333333333333333	0.75	0.666666666666667
"13581"	"chr8"	125740504	125740949	446	"*"	0	0	0	1	0	0	1	0	0	0	0	0	1	1	1	1	1	0	1	1	1	0	0	0	0	1	1	0	1	"consensus_18217"	"Promoter"	8	125563028	125740730	177703	2	"9788"	"uc003yrj.2"	0	"ENSG00000170873"	"MTSS1"	"MTSS I-BAR domain containing 1"	0	0.4	0.333333333333333	0.75	0.833333333333333
"13648"	"chr8"	144815648	144816463	816	"*"	0	1	0	1	0	0	1	0	1	1	0	0	1	1	1	1	0	0	1	0	0	1	0	0	1	1	0	0	1	"consensus_18312"	"Promoter"	8	144816310	144828507	12198	1	"100128338"	"uc003yzl.1"	0	"ENSG00000203499"	"FAM83H-AS1"	"FAM83H antisense RNA 1 (head to head)"	0.166666666666667	0.7	0.666666666666667	0.75	0.166666666666667
"13660"	"chr8"	145064004	145064553	550	"*"	0	1	0	1	0	0	1	1	0	1	0	1	1	1	1	1	1	0	1	1	1	0	0	0	1	1	1	0	1	"consensus_18327"	"Promoter"	8	145064226	145067583	3358	1	"2907"	"uc003zan.1"	0	"ENSG00000178719"	"GRINA"	"glutamate ionotropic receptor NMDA type subunit associated protein 1"	0.166666666666667	0.7	0.666666666666667	0.75	0.833333333333333
"13701"	"chr9"	1050100	1050641	542	"*"	0	0	0	1	0	0	0	1	1	1	0	0	1	1	1	1	1	0	1	1	1	0	0	1	0	1	1	0	1	"consensus_18381"	"Promoter"	9	1050346	1057554	7209	1	"10655"	"uc003zgy.4"	0	"ENSG00000173253"	"DMRT2"	"doublesex and mab-3 related transcription factor 2"	0.166666666666667	0.7	0.333333333333333	0.75	0.666666666666667
"13706"	"chr9"	2621223	2622901	1679	"*"	0	1	0	1	0	0	0	1	0	1	0	1	1	1	1	1	1	0	1	1	1	0	0	0	1	1	1	0	1	"consensus_18387"	"Promoter"	9	2422702	2621413	198712	2	"401491"	"uc003zhh.1"	0	"ENSG00000236404"	"VLDLR-AS1"	"VLDLR antisense RNA 1"	0.166666666666667	0.7	0.666666666666667	0.75	0.666666666666667
"13758"	"chr9"	21141391	21141806	416	"*"	1	0	0	0	0	1	0	0	0	0	0	0	0	0	1	1	0	0	0	1	1	0	0	0	0	1	0	0	0	"consensus_18455"	"Promoter"	9	21140631	21142144	1514	2	"3467"	"uc003zol.1"	338	"ENSG00000177047"	"IFNW1"	"interferon omega 1"	0.166666666666667	0	0.333333333333333	0.75	0.333333333333333
"13785"	"chr9"	33403372	33403754	383	"*"	0	0	0	1	1	1	1	1	1	1	0	0	1	1	1	1	1	0	1	1	1	0	1	1	1	1	1	0	1	"consensus_18486"	"Promoter"	9	33385359	33402517	17159	2	"364"	"uc011loa.1"	-855	"ENSG00000165269"	"AQP7"	"aquaporin 7"	0.166666666666667	0.8	1	1	0.833333333333333
"13789"	"chr9"	33523393	33524369	977	"*"	0	1	0	1	0	0	1	1	1	1	0	1	1	1	1	1	1	0	1	1	1	0	1	1	1	1	1	0	1	"consensus_18491"	"Promoter"	9	33524411	33573001	48591	1	"441459"	"uc010mjw.2"	-42	"ENSG00000230453"	"ANKRD18B"	"ankyrin repeat domain 18B"	0.166666666666667	1	0.666666666666667	0.75	0.833333333333333
"13871"	"chr9"	77501952	77502685	734	"*"	0	1	0	1	0	0	1	1	0	1	0	0	1	1	1	1	1	0	1	1	1	0	1	0	1	1	1	0	1	"consensus_18609"	"Promoter"	9	77337411	77502263	164853	2	"140803"	"uc004ajk.1"	0	"ENSG00000119121"	"TRPM6"	"transient receptor potential cation channel subfamily M member 6"	0.166666666666667	0.7	0.666666666666667	0.75	0.833333333333333
"13894"	"chr9"	87366682	87367334	653	"*"	0	0	0	1	0	1	1	1	0	1	0	0	1	1	1	1	1	0	0	1	0	0	1	0	1	1	1	0	1	"consensus_18640"	"Promoter"	9	87366894	87492813	125920	1	"4915"	"uc004aoc.3"	0	"ENSG00000148053"	"NTRK2"	"neurotrophic receptor tyrosine kinase 2"	0.166666666666667	0.6	0.666666666666667	0.75	0.666666666666667
"13904"	"chr9"	90340743	90341566	824	"*"	0	1	0	1	0	0	1	1	1	1	0	1	1	1	1	1	1	0	1	1	1	0	1	1	0	1	1	0	1	"consensus_18652"	"Promoter"	9	90340974	90346384	5411	1	"1514"	"uc004aph.3"	0	"ENSG00000135047"	"CTSL"	"cathepsin L"	0.166666666666667	1	0.333333333333333	0.75	0.833333333333333
"13932"	"chr9"	95946149	95946691	543	"*"	0	0	0	1	0	0	1	1	1	1	0	0	1	1	1	1	1	0	1	1	1	0	0	0	1	1	1	0	1	"consensus_18694"	"Promoter"	9	95947212	96021896	74685	1	"65268"	"uc010mrc.1"	-521	"ENSG00000165238"	"WNK2"	"WNK lysine deficient protein kinase 2"	0.166666666666667	0.6	0.666666666666667	0.75	0.833333333333333
"14013"	"chr9"	114360078	114360851	774	"*"	0	0	0	1	0	0	1	1	0	1	0	0	1	1	1	1	1	0	1	0	0	0	0	1	0	1	0	0	1	"consensus_18806"	"Promoter"	9	114325247	114361711	36465	2	"22949"	"uc004bfh.2"	860	"ENSG00000106853"	"PTGR1"	"prostaglandin reductase 1"	0.166666666666667	0.6	0.333333333333333	0.75	0.333333333333333
"14183"	"chr9"	133709948	133710939	992	"*"	0	0	0	1	1	0	1	1	0	1	0	0	1	1	1	1	0	0	1	1	1	0	1	0	1	1	1	0	1	"consensus_19023"	"Promoter"	9	133710831	133763062	52232	1	"25"	"uc004bzw.3"	0	"ENSG00000097007"	"ABL1"	"ABL proto-oncogene 1, non-receptor tyrosine kinase"	0.166666666666667	0.6	1	0.75	0.666666666666667
