"seqnames"	"start"	"end"	"width"	"strand"	"CLL1_0d_CD4"	"CLL1_3d_CD4"	"CLL2_0d_CD4"	"CLL2_3d_CD4"	"CLL2_8d_CD4"	"CLL2_30d_CD4"	"CLL2_120d_CD4"	"CLL4_0d_CD4"	"CLL4_2d_CD4"	"CLL4_3d_CD4"	"CLL5_0d_CD4"	"CLL5_1d_CD4"	"CLL5_2d_CD4"	"CLL5_3d_CD4"	"CLL5_8d_CD4"	"CLL5_30d_CD4"	"CLL5_150d_CD4"	"CLL5_240d_CD4"	"CLL6_30d_CD4"	"CLL6_120d_CD4"	"CLL6_280d_CD4"	"CLL7_0d_CD4"	"CLL7_1d_CD4"	"CLL7_3d_CD4"	"CLL7_8d_CD4"	"CLL7_30d_CD4"	"CLL7_150d_CD4"	"CLL8_0d_CD4"	"CLL8_3d_CD4"	"consensusIDs"	"annotation"	"geneChr"	"geneStart"	"geneEnd"	"geneLength"	"geneStrand"	"geneId"	"transcriptId"	"distanceToTSS"	"ENSEMBL"	"SYMBOL"	"GENENAME"	"0"	"3"	"8"	"30"	"120"
"37"	"chr1"	1608941	1610109	1169	"*"	0	0	0	1	0	0	1	1	0	0	0	1	1	1	1	0	1	0	0	1	1	0	1	1	1	1	1	0	1	"consensus_48"	"Promoter"	1	1601214	1608285	7072	2	"728661"	"uc021oeu.1"	-656	"ENSG00000189339"	"SLC35E2B"	"solute carrier family 35 member E2B"	0.166666666666667	0.7	0.666666666666667	0.25	0.833333333333333
"98"	"chr1"	8002312	8002862	551	"*"	0	0	0	1	0	0	1	0	0	1	0	0	1	1	1	1	1	0	1	1	1	0	1	1	1	1	1	0	1	"consensus_125"	"Promoter"	1	7975931	8003225	27295	2	"3604"	"uc001aot.3"	363	"ENSG00000049249"	"TNFRSF9"	"TNF receptor superfamily member 9"	0	0.7	0.666666666666667	0.75	0.833333333333333
"221"	"chr1"	22468804	22470002	1199	"*"	0	1	0	1	0	0	1	1	0	1	0	0	1	1	1	1	1	0	1	1	1	0	0	0	1	1	1	0	1	"consensus_280"	"Promoter"	1	22443798	22469519	25722	2	"54361"	"uc001bfs.4"	0	"ENSG00000162552"	"WNT4"	"Wnt family member 4"	0.166666666666667	0.6	0.666666666666667	0.75	0.833333333333333
"350"	"chr1"	32211071	32211560	490	"*"	0	0	0	1	0	0	1	1	1	1	0	0	1	1	1	1	1	0	1	1	1	0	0	1	1	1	1	0	1	"consensus_439"	"Promoter"	1	32192718	32210332	17615	2	"576"	"uc010ogo.2"	-739	"ENSG00000121753"	"ADGRB2"	"adhesion G protein-coupled receptor B2"	0.166666666666667	0.7	0.666666666666667	0.75	0.833333333333333
"366"	"chr1"	32827110	32828031	922	"*"	0	1	0	1	0	0	1	1	1	1	0	0	1	1	1	0	1	0	1	1	1	0	0	0	0	1	1	0	1	"consensus_461"	"Promoter"	1	32826871	32827844	974	2	"100128071"	"uc021oku.1"	0	"ENSG00000225828"	"FAM229A"	"family with sequence similarity 229 member A"	0.166666666666667	0.7	0.333333333333333	0.5	0.833333333333333
"502"	"chr1"	44871593	44872351	759	"*"	0	1	0	1	0	0	1	1	0	1	0	0	1	1	1	1	1	0	0	1	1	0	1	0	1	1	1	0	1	"consensus_638"	"Promoter"	1	44871050	45117396	246347	1	"55182"	"uc001clw.1"	543	"ENSG00000187147"	"RNF220"	"ring finger protein 220"	0.166666666666667	0.7	0.666666666666667	0.5	0.833333333333333
"739"	"chr1"	95285628	95286184	557	"*"	0	1	0	1	0	0	1	1	0	1	0	0	1	1	1	1	1	0	0	1	1	0	0	0	0	0	1	0	1	"consensus_958"	"Promoter"	1	95285898	95360803	74906	1	"126969"	"uc001dqv.5"	0	"ENSG00000143036"	"SLC44A3"	"solute carrier family 44 member 3"	0.166666666666667	0.6	0.333333333333333	0.25	0.833333333333333
"883"	"chr1"	149815029	149815523	495	"*"	0	0	0	1	0	0	1	0	0	0	0	0	0	1	1	1	1	0	0	1	1	0	1	0	1	1	1	0	1	"consensus_1141"	"Promoter"	1	149813785	149814318	534	2	"723790"	"uc001esw.3"	-711	"ENSG00000272196"	"H2AC19"	"H2A clustered histone 19"	0	0.4	0.666666666666667	0.5	0.833333333333333
"889"	"chr1"	149888859	149889589	731	"*"	0	0	0	1	0	0	1	1	1	1	0	1	1	1	1	1	1	0	0	1	1	0	1	0	1	1	1	0	1	"consensus_1147"	"Promoter"	1	149874872	149889434	14563	2	"9900"	"uc001etg.3"	0	"ENSG00000159164"	"SV2A"	"synaptic vesicle glycoprotein 2A"	0.166666666666667	0.8	0.666666666666667	0.5	0.833333333333333
"1282"	"chr1"	204042068	204043024	957	"*"	0	1	0	1	0	0	1	0	0	1	0	0	1	1	1	1	1	0	1	1	1	1	0	0	1	1	1	0	1	"consensus_1652"	"Promoter"	1	204042246	204088974	46729	1	"9580"	"uc001hal.3"	0	"ENSG00000143842"	"SOX13"	"SRY-box transcription factor 13"	0.166666666666667	0.6	0.666666666666667	0.75	0.833333333333333
"1296"	"chr1"	205473468	205474235	768	"*"	0	0	0	1	0	0	1	1	1	1	0	0	1	1	1	1	1	0	0	1	1	0	1	1	1	1	1	0	1	"consensus_1672"	"Promoter"	1	205473684	205492843	19160	1	"5129"	"uc009xbk.2"	0	"ENSG00000117266"	"CDK18"	"cyclin dependent kinase 18"	0.166666666666667	0.8	0.666666666666667	0.5	0.833333333333333
"1331"	"chr1"	209824589	209824999	411	"*"	0	0	0	1	1	0	1	0	1	0	0	1	1	1	1	1	1	0	1	1	1	0	0	0	1	1	1	0	1	"consensus_1716"	"Promoter"	1	209788218	209824679	36462	2	"3914"	"uc001hhg.3"	0	"ENSG00000196878"	"LAMB3"	"laminin subunit beta 3"	0	0.6	1	0.75	0.833333333333333
"1483"	"chr1"	240774884	240775714	831	"*"	0	0	0	1	1	0	1	1	0	1	0	1	1	1	1	1	1	0	1	1	1	0	1	0	1	1	1	0	1	"consensus_1912"	"Promoter"	1	240652873	240775462	122590	2	"64388"	"uc001hys.3"	0	"ENSG00000180875"	"GREM2"	"gremlin 2, DAN family BMP antagonist"	0.166666666666667	0.7	1	0.75	0.833333333333333
"1590"	"chr10"	16562506	16563921	1416	"*"	0	1	0	1	0	0	1	1	1	1	0	1	1	1	1	0	1	0	1	1	1	0	1	1	1	1	1	0	1	"consensus_2055"	"Promoter"	10	16555742	16564004	8263	2	"389941"	"uc001ioj.1"	83	"ENSG00000165985"	"C1QL3"	"complement C1q like 3"	0.166666666666667	1	0.666666666666667	0.5	0.833333333333333
"2014"	"chr10"	106034385	106034828	444	"*"	0	0	0	1	0	0	1	1	1	1	0	1	1	1	1	1	1	0	0	1	1	0	0	0	1	1	1	0	1	"consensus_2619"	"Promoter"	10	106034443	106048815	14373	1	"119391"	"uc010qqw.1"	0	"ENSG00000065621"	"GSTO2"	"glutathione S-transferase omega 2"	0.166666666666667	0.7	0.666666666666667	0.5	0.833333333333333
"2256"	"chr11"	12029960	12031036	1077	"*"	0	1	0	1	1	0	1	1	0	0	0	0	0	1	1	1	1	0	0	1	1	0	0	0	1	1	1	0	0	"consensus_2972"	"Promoter"	11	11984543	12030155	45613	2	"27122"	"uc010rcf.2"	0	"ENSG00000050165"	"DKK3"	"dickkopf WNT signaling pathway inhibitor 3"	0.166666666666667	0.3	1	0.5	0.833333333333333
"2258"	"chr11"	12399003	12399761	759	"*"	0	1	0	1	0	0	1	1	0	0	0	0	1	1	1	1	1	0	1	1	1	0	0	0	0	1	1	0	1	"consensus_2974"	"Promoter"	11	12399026	12502356	103331	1	"55742"	"uc001mkh.3"	0	"ENSG00000197702"	"PARVA"	"parvin alpha"	0.166666666666667	0.5	0.333333333333333	0.75	0.833333333333333
"2561"	"chr11"	65647089	65647508	420	"*"	0	0	0	1	0	0	1	0	0	0	0	1	1	1	1	1	1	0	0	1	1	0	0	1	1	1	1	0	1	"consensus_3378"	"Promoter"	11	65647284	65651212	3929	1	"1521"	"uc001ogc.1"	0	"ENSG00000172543"	"CTSW"	"cathepsin W"	0	0.6	0.666666666666667	0.5	0.833333333333333
"2695"	"chr11"	75379507	75380278	772	"*"	0	0	0	1	0	0	1	1	0	1	0	0	0	1	1	0	1	0	0	1	1	0	0	0	1	0	1	0	1	"consensus_3541"	"Promoter"	11	75313905	75379479	65575	2	"4135"	"uc001owv.3"	-28	"ENSG00000171533"	"MAP6"	"microtubule associated protein 6"	0.166666666666667	0.4	0.666666666666667	0	0.833333333333333
"3135"	"chr12"	31743466	31744314	849	"*"	0	0	0	1	0	0	1	1	1	1	0	1	1	1	1	1	1	0	0	1	1	0	0	1	1	1	1	0	0	"consensus_4133"	"Promoter"	12	31535157	31743952	208796	2	"160518"	"uc001rki.1"	0	"ENSG00000170456"	"DENND5B"	"DENN domain containing 5B"	0.166666666666667	0.7	0.666666666666667	0.5	0.833333333333333
"3300"	"chr12"	54812445	54813292	848	"*"	0	1	0	1	0	0	1	0	1	0	0	0	1	1	1	1	1	0	0	1	1	0	1	1	0	1	1	0	1	"consensus_4340"	"Promoter"	12	54789045	54813050	24006	2	"3678"	"uc001sga.3"	0	"ENSG00000161638"	"ITGA5"	"integrin subunit alpha 5"	0	0.8	0.333333333333333	0.5	0.833333333333333
"3602"	"chr12"	117318752	117319180	429	"*"	0	0	0	1	0	0	1	1	0	1	0	0	1	1	1	1	1	0	0	1	1	0	0	1	1	1	1	0	1	"consensus_4748"	"Promoter"	12	117298225	117319232	21008	2	"8739"	"uc001twe.4"	52	"ENSG00000135116"	"HRK"	"harakiri, BCL2 interacting protein"	0.166666666666667	0.6	0.666666666666667	0.5	0.833333333333333
"3708"	"chr12"	131590228	131590885	658	"*"	0	0	0	1	0	0	1	1	0	1	0	0	0	1	1	1	1	0	0	1	1	0	0	1	0	1	1	0	1	"consensus_4884"	"Promoter"	12	131589376	131626008	36633	1	"283383"	"uc009zyp.3"	852	"ENSG00000111452"	"ADGRD1"	"adhesion G protein-coupled receptor D1"	0.166666666666667	0.5	0.333333333333333	0.5	0.833333333333333
"3926"	"chr13"	103054697	103054972	276	"*"	0	0	0	1	0	1	1	1	1	1	0	0	1	1	1	1	1	0	0	1	1	0	1	1	1	1	1	0	0	"consensus_5201"	"Promoter"	13	102373205	103054124	680920	2	"2259"	"uc001vpf.2"	-573	"ENSG00000102466"	"FGF14"	"fibroblast growth factor 14"	0.166666666666667	0.7	0.666666666666667	0.75	0.833333333333333
"4361"	"chr14"	96505253	96506182	930	"*"	0	1	0	1	0	0	1	1	1	1	0	0	0	1	1	1	1	0	1	1	1	0	1	0	1	0	1	0	1	"consensus_5755"	"Promoter"	14	96505661	96560226	54566	1	"56967"	"uc001yff.4"	0	"ENSG00000227051"	"C14orf132"	"chromosome 14 open reading frame 132"	0.166666666666667	0.7	0.666666666666667	0.5	0.833333333333333
"4686"	"chr15"	69112596	69112947	352	"*"	0	0	0	1	0	0	1	1	0	0	0	0	0	1	1	1	1	0	0	1	1	0	1	0	1	0	1	0	1	"consensus_6193"	"Promoter"	15	69070875	69113261	42387	2	"8125"	"uc002arl.3"	314	"ENSG00000140350"	"ANP32A"	"acidic nuclear phosphoprotein 32 family member A"	0.166666666666667	0.4	0.666666666666667	0.25	0.833333333333333
"4698"	"chr15"	71407543	71408215	673	"*"	0	0	0	1	0	0	1	1	0	1	0	0	1	1	1	1	1	0	1	1	1	0	0	0	1	1	1	0	1	"consensus_6210"	"Promoter"	15	71402583	71407839	5257	2	"196993"	"uc002ata.2"	0	"ENSG00000225362"	"CT62"	"cancer/testis antigen 62"	0.166666666666667	0.5	0.666666666666667	0.75	0.833333333333333
"4740"	"chr15"	75628205	75628810	606	"*"	0	0	0	1	0	0	1	1	1	1	0	1	1	1	1	1	1	0	0	1	1	0	1	1	1	1	1	0	1	"consensus_6264"	"Promoter"	15	75628374	75632219	3846	1	"54939"	"uc010umf.1"	0	"ENSG00000140365"	"COMMD4"	"COMM domain containing 4"	0.166666666666667	0.9	0.666666666666667	0.5	0.833333333333333
"4928"	"chr16"	776844	777432	589	"*"	0	0	0	1	0	0	1	0	0	1	1	1	1	1	1	1	1	0	1	1	1	0	0	1	1	1	1	0	0	"consensus_6526"	"Promoter"	16	772582	776880	4299	2	"124093"	"uc002cjh.3"	0	"ENSG00000162004"	"CCDC78"	"coiled-coil domain containing 78"	0.166666666666667	0.6	0.666666666666667	0.75	0.833333333333333
"4937"	"chr16"	1383092	1383814	723	"*"	0	1	0	1	0	0	1	1	0	1	0	1	1	1	1	1	1	0	1	1	1	0	0	0	1	1	1	0	1	"consensus_6539"	"Promoter"	16	1383606	1399442	15837	1	"8938"	"uc002clj.3"	0	"ENSG00000007516"	"BAIAP3"	"BAI1 associated protein 3"	0.166666666666667	0.7	0.666666666666667	0.75	0.833333333333333
"5015"	"chr16"	3627208	3627647	440	"*"	0	0	0	1	0	0	1	1	0	1	0	0	1	1	1	1	1	0	0	1	1	0	1	1	1	1	1	0	1	"consensus_6642"	"Promoter"	16	3589036	3627392	38357	2	"197358"	"uc010btn.3"	0	"ENSG00000167984"	"NLRC3"	"NLR family CARD domain containing 3"	0.166666666666667	0.7	0.666666666666667	0.5	0.833333333333333
"5086"	"chr16"	15528048	15528974	927	"*"	0	0	0	1	0	0	1	1	1	1	0	1	1	1	1	1	1	0	0	1	1	0	0	1	1	1	1	0	1	"consensus_6730"	"Promoter"	16	15528325	15682116	153792	1	"89927"	"uc002ddo.3"	0	"ENSG00000166780"	"BMERB1"	"bMERB domain containing 1"	0.166666666666667	0.8	0.666666666666667	0.5	0.833333333333333
"5165"	"chr16"	29086219	29086642	424	"*"	0	0	0	1	0	0	1	0	1	1	0	1	1	1	1	1	1	0	0	1	1	0	1	1	1	1	1	0	1	"consensus_6827"	"Promoter"	16	29086163	29128038	41876	1	"653390"	"uc010vdn.2"	56	"ENSG00000103472"	"RRN3P2"	"RRN3 homolog, RNA polymerase I transcription factor pseudogene 2"	0	0.9	0.666666666666667	0.5	0.833333333333333
"5261"	"chr16"	48190635	48191003	369	"*"	0	1	0	1	0	0	1	1	1	1	0	1	1	1	1	1	1	0	1	1	1	0	1	0	1	1	1	0	1	"consensus_6959"	"Promoter"	16	48167598	48189929	22332	2	"94160"	"uc010vgj.1"	-706	"ENSG00000140798"	"ABCC12"	"ATP binding cassette subfamily C member 12"	0.166666666666667	0.9	0.666666666666667	0.75	0.833333333333333
"5595"	"chr17"	3438766	3439115	350	"*"	0	0	0	1	0	0	1	0	0	1	0	0	0	1	1	0	1	0	1	1	1	0	1	1	1	1	1	0	1	"consensus_7408"	"Promoter"	17	3413796	3439007	25212	2	"162514"	"uc002fvs.2"	0	"ENSG00000167723"	"TRPV3"	"transient receptor potential cation channel subfamily V member 3"	0	0.6	0.666666666666667	0.5	0.833333333333333
"5684"	"chr17"	7492603	7492988	386	"*"	0	1	0	1	0	0	1	1	0	1	0	0	1	1	1	1	1	0	0	1	1	0	0	1	1	1	1	0	1	"consensus_7523"	"Promoter"	17	7491498	7493390	1893	2	"6665"	"uc002ghy.1"	402	"ENSG00000129194"	"SOX15"	"SRY-box transcription factor 15"	0.166666666666667	0.7	0.666666666666667	0.5	0.833333333333333
"5727"	"chr17"	10101409	10102653	1245	"*"	0	1	0	1	0	0	1	0	1	0	0	0	1	1	1	1	1	0	1	1	1	1	1	1	1	1	1	0	1	"consensus_7579"	"Promoter"	17	9813926	10101868	287943	2	"8522"	"uc002gmg.1"	0	"ENSG00000007237"	"GAS7"	"growth arrest specific 7"	0.166666666666667	0.8	0.666666666666667	0.75	0.833333333333333
"5737"	"chr17"	14205227	14205719	493	"*"	0	1	0	1	0	0	1	0	0	1	0	0	0	1	1	1	1	0	0	1	1	0	1	0	0	1	1	0	1	"consensus_7591"	"Promoter"	17	14204506	14249492	44987	1	"9953"	"uc002goh.1"	721	"ENSG00000125430"	"HS3ST3B1"	"heparan sulfate-glucosamine 3-sulfotransferase 3B1"	0	0.6	0.333333333333333	0.5	0.833333333333333
"5826"	"chr17"	26732705	26733420	716	"*"	0	0	0	1	0	0	1	1	0	1	0	1	1	1	1	1	1	0	0	1	1	0	0	1	1	1	1	0	1	"consensus_7696"	"Promoter"	17	26721661	26733230	11570	2	"113235"	"uc002hbf.2"	0	"ENSG00000076351"	"SLC46A1"	"solute carrier family 46 member 1"	0.166666666666667	0.7	0.666666666666667	0.5	0.833333333333333
"5906"	"chr17"	34058349	34059186	838	"*"	0	1	0	1	0	0	1	1	1	1	0	0	1	1	1	1	1	0	0	1	1	0	0	1	1	1	1	0	0	"consensus_7804"	"Promoter"	17	34058679	34070540	11862	1	"91608"	"uc002hju.3"	0	"ENSG00000270885"	"RASL10B"	"RAS like family 10 member B"	0.166666666666667	0.7	0.666666666666667	0.5	0.833333333333333
"5926"	"chr17"	36584413	36585141	729	"*"	0	1	0	1	0	0	1	1	1	1	0	1	1	1	1	0	1	0	0	1	1	0	0	0	1	1	1	0	1	"consensus_7831"	"Promoter"	17	36584720	36668628	83909	1	"57636"	"uc021twd.1"	0	"ENSG00000275832"	"ARHGAP23"	"Rho GTPase activating protein 23"	0.166666666666667	0.8	0.666666666666667	0.25	0.833333333333333
"6148"	"chr17"	48227403	48227855	453	"*"	0	0	0	1	0	0	1	0	0	0	0	0	1	1	1	1	1	0	0	1	1	1	1	1	1	1	1	0	1	"consensus_8108"	"Promoter"	17	48211101	48227877	16777	2	"84687"	"uc002iqh.4"	22	"ENSG00000108819"	"PPP1R9B"	"protein phosphatase 1 regulatory subunit 9B"	0.166666666666667	0.6	0.666666666666667	0.5	0.833333333333333
"6229"	"chr17"	59488171	59488547	377	"*"	0	1	0	1	0	0	1	1	1	1	0	0	1	1	1	1	1	0	1	1	1	0	0	1	1	1	1	0	1	"consensus_8211"	"Promoter"	17	59489112	59490641	1530	1	"388407"	"uc002izh.1"	-565	"ENSG00000187013"	"C17orf82"	"chromosome 17 open reading frame 82"	0.166666666666667	0.8	0.666666666666667	0.75	0.833333333333333
"6253"	"chr17"	62008607	62008967	361	"*"	0	0	0	1	0	0	1	1	1	1	0	0	1	1	1	1	1	0	0	1	1	0	0	0	1	1	1	0	1	"consensus_8241"	"Promoter"	17	62006098	62009704	3607	2	"974"	"uc002jdp.1"	737	"ENSG00000007312"	"CD79B"	"CD79b molecule"	0.166666666666667	0.6	0.666666666666667	0.5	0.833333333333333
"6322"	"chr17"	73028482	73028959	478	"*"	0	0	0	1	0	0	1	1	0	0	0	0	0	1	1	1	1	0	0	1	1	0	1	0	0	1	1	0	1	"consensus_8341"	"Promoter"	17	73028695	73045423	16729	1	"23510"	"uc010dfy.1"	0	"ENSG00000180901"	"KCTD2"	"potassium channel tetramerization domain containing 2"	0.166666666666667	0.4	0.333333333333333	0.5	0.833333333333333
"6350"	"chr17"	73841303	73841618	316	"*"	0	0	0	1	0	0	1	1	1	1	0	0	1	1	1	1	1	0	0	1	1	0	0	0	0	1	1	0	0	"consensus_8372"	"Promoter"	17	73827179	73840851	13673	2	"201294"	"uc010wsk.1"	-452	"ENSG00000092929"	"UNC13D"	"unc-13 homolog D"	0.166666666666667	0.5	0.333333333333333	0.5	0.833333333333333
"6374"	"chr17"	74707003	74707322	320	"*"	0	1	0	1	0	0	1	1	0	0	0	0	1	1	1	1	1	0	1	1	1	0	0	1	1	1	1	0	1	"consensus_8410"	"Promoter"	17	74671809	74707056	35248	2	"439921"	"uc002jsk.1"	0	"ENSG00000182534"	"MXRA7"	"matrix remodeling associated 7"	0.166666666666667	0.6	0.666666666666667	0.75	0.833333333333333
"6382"	"chr17"	75315168	75315765	598	"*"	0	0	0	1	1	0	1	1	1	1	0	0	1	1	1	1	1	0	0	1	1	0	1	1	1	1	1	0	1	"consensus_8422"	"Promoter"	17	75315597	75496678	181082	1	"10801"	"uc002jtu.4"	0	"ENSG00000184640"	"SEPTIN9"	"septin 9"	0.166666666666667	0.8	1	0.5	0.833333333333333
"6385"	"chr17"	75369727	75370118	392	"*"	0	0	0	1	0	0	1	1	0	1	0	0	1	1	1	1	1	0	0	1	1	0	1	0	1	1	1	0	1	"consensus_8425"	"Promoter"	17	75369272	75496678	127407	1	"10801"	"uc002jtv.3"	455	"ENSG00000184640"	"SEPTIN9"	"septin 9"	0.166666666666667	0.6	0.666666666666667	0.5	0.833333333333333
"6935"	"chr19"	10628032	10628488	457	"*"	0	0	0	1	0	0	1	0	0	0	0	0	1	1	1	0	1	0	1	1	1	1	1	0	1	1	1	0	1	"consensus_9202"	"Promoter"	19	10623418	10628126	4709	2	"53637"	"uc002mot.2"	0	"ENSG00000180739"	"S1PR5"	"sphingosine-1-phosphate receptor 5"	0.166666666666667	0.5	0.666666666666667	0.5	0.833333333333333
"7240"	"chr19"	36164043	36164791	749	"*"	0	0	0	1	1	0	1	1	0	1	0	1	1	1	1	1	1	0	1	1	1	0	1	1	1	1	1	0	1	"consensus_9601"	"Promoter"	19	36158850	36164193	5344	2	"100862728"	"uc002oax.1"	0	"ENSG00000226510"	"UPK1A-AS1"	"UPK1A antisense RNA 1"	0.166666666666667	0.8	1	0.75	0.833333333333333
"7526"	"chr19"	48922364	48922838	475	"*"	0	0	0	1	0	0	1	1	0	0	0	0	1	1	1	1	1	0	0	1	1	0	0	0	1	1	1	0	1	"consensus_9961"	"Promoter"	19	48922491	48948188	25698	1	"2906"	"uc010elx.3"	0	"ENSG00000105464"	"GRIN2D"	"glutamate ionotropic receptor NMDA type subunit 2D"	0.166666666666667	0.4	0.666666666666667	0.5	0.833333333333333
"7567"	"chr19"	49925610	49926030	421	"*"	0	1	0	1	0	0	1	1	1	1	0	0	1	1	1	1	1	0	0	1	1	0	0	0	1	1	1	0	1	"consensus_10015"	"Promoter"	19	49925671	49926698	1028	2	"113091"	"uc002pnn.1"	668	"ENSG00000142538"	"PTH2"	"parathyroid hormone 2"	0.166666666666667	0.7	0.666666666666667	0.5	0.833333333333333
"7576"	"chr19"	50016072	50017077	1006	"*"	0	1	0	1	0	0	1	1	1	1	0	1	1	1	1	1	1	0	0	1	1	0	1	1	1	1	1	0	1	"consensus_10028"	"Promoter"	19	50016436	50029685	13250	1	"2217"	"uc002pog.2"	0	"ENSG00000104870"	"FCGRT"	"Fc fragment of IgG receptor and transporter"	0.166666666666667	1	0.666666666666667	0.5	0.833333333333333
"7586"	"chr19"	50193633	50194856	1224	"*"	0	0	0	1	1	0	1	1	0	0	0	0	1	1	1	1	1	0	0	1	1	0	1	0	1	1	1	0	1	"consensus_10041"	"Promoter"	19	50194365	50215600	21236	1	"126129"	"uc002ppl.4"	0	"ENSG00000169169"	"CPT1C"	"carnitine palmitoyltransferase 1C"	0.166666666666667	0.5	1	0.5	0.833333333333333
"7907"	"chr2"	30144360	30144732	373	"*"	0	0	0	1	0	0	1	1	0	1	0	0	1	1	1	1	1	0	1	1	1	0	0	0	1	1	1	0	1	"consensus_10462"	"Promoter"	2	29415640	30144477	728838	2	"238"	"uc002rmy.3"	0	"ENSG00000171094"	"ALK"	"ALK receptor tyrosine kinase"	0.166666666666667	0.5	0.666666666666667	0.75	0.833333333333333
"8109"	"chr2"	74668720	74669465	746	"*"	0	0	0	1	0	0	1	1	1	1	0	0	1	1	1	1	1	0	1	1	1	0	0	0	1	1	1	0	1	"consensus_10726"	"Promoter"	2	74652988	74669060	16073	2	"6242"	"uc002sle.3"	0	"ENSG00000114993"	"RTKN"	"rhotekin"	0.166666666666667	0.6	0.666666666666667	0.75	0.833333333333333
"8164"	"chr2"	88469532	88470082	551	"*"	0	1	0	1	0	0	1	1	0	1	0	0	1	1	1	1	1	0	1	1	1	0	1	0	1	1	1	0	1	"consensus_10802"	"Promoter"	2	88469814	88486156	16343	1	"55258"	"uc002ssw.4"	0	"ENSG00000144115"	"THNSL2"	"threonine synthase like 2"	0.166666666666667	0.7	0.666666666666667	0.75	0.833333333333333
"8243"	"chr2"	109605347	109605903	557	"*"	0	0	0	1	0	0	1	1	1	1	0	0	1	1	1	1	1	0	1	1	1	0	0	0	1	1	1	0	1	"consensus_10911"	"Promoter"	2	109510927	109605828	94902	2	"10913"	"uc002teq.4"	0	"ENSG00000135960"	"EDAR"	"ectodysplasin A receptor"	0.166666666666667	0.6	0.666666666666667	0.75	0.833333333333333
"8357"	"chr2"	158453915	158454259	345	"*"	0	0	0	1	0	0	1	0	0	0	0	0	1	1	1	1	1	0	1	1	1	0	1	0	1	0	1	0	0	"consensus_11075"	"Promoter"	2	158383279	158454072	70794	2	"130399"	"uc010foe.3"	0	"ENSG00000123612"	"ACVR1C"	"activin A receptor type 1C"	0	0.4	0.666666666666667	0.5	0.833333333333333
"8424"	"chr2"	175191121	175192232	1112	"*"	0	0	0	1	0	0	1	1	0	0	0	0	0	1	1	1	1	0	1	1	1	0	0	0	1	1	1	0	1	"consensus_11169"	"Promoter"	2	175190755	175195370	4616	1	"285084"	"uc021vsm.1"	366	"ENSG00000231453"	"LINC01305"	"long intergenic non-protein coding RNA 1305"	0.166666666666667	0.3	0.666666666666667	0.75	0.833333333333333
"8719"	"chr2"	242003230	242003831	602	"*"	0	1	0	1	0	0	1	1	1	1	0	1	1	1	1	1	1	0	0	1	1	0	1	0	1	1	1	0	1	"consensus_11590"	"Promoter"	2	242003429	242033643	30215	1	"25992"	"uc002waj.1"	0	"ENSG00000162804"	"SNED1"	"sushi, nidogen and EGF like domains 1"	0.166666666666667	0.9	0.666666666666667	0.5	0.833333333333333
"8863"	"chr20"	30457634	30458608	975	"*"	0	1	0	1	0	0	1	0	0	0	0	0	1	1	1	1	1	0	0	1	1	0	0	0	1	1	1	0	1	"consensus_11786"	"Promoter"	20	30435441	30458467	23027	2	"128853"	"uc002wwu.1"	0	"ENSG00000149599"	"DUSP15"	"dual specificity phosphatase 15"	0	0.5	0.666666666666667	0.5	0.833333333333333
"8942"	"chr20"	35974084	35975205	1122	"*"	0	1	0	1	0	0	1	1	1	1	0	0	1	1	1	1	1	0	1	1	1	0	1	0	1	1	1	0	1	"consensus_11892"	"Promoter"	20	35974557	36033821	59265	1	"6714"	"uc002xgy.3"	0	"ENSG00000197122"	"SRC"	"SRC proto-oncogene, non-receptor tyrosine kinase"	0.166666666666667	0.8	0.666666666666667	0.75	0.833333333333333
"8961"	"chr20"	39969180	39969595	416	"*"	0	1	0	1	0	0	1	1	1	1	0	1	1	1	1	1	1	0	1	1	1	0	1	1	1	1	1	0	1	"consensus_11914"	"Promoter"	20	39969560	39989222	19663	1	"64900"	"uc002xjx.3"	0	"ENSG00000132793"	"LPIN3"	"lipin 3"	0.166666666666667	1	0.666666666666667	0.75	0.833333333333333
"8997"	"chr20"	44650277	44651042	766	"*"	0	1	0	1	0	0	1	1	1	1	0	0	1	1	1	1	1	0	0	1	1	0	0	1	1	0	1	0	1	"consensus_11964"	"Promoter"	20	44650329	44688789	38461	1	"57468"	"uc010zxl.1"	0	"ENSG00000124140"	"SLC12A5"	"solute carrier family 12 member 5"	0.166666666666667	0.8	0.666666666666667	0.25	0.833333333333333
"9035"	"chr20"	50178732	50179413	682	"*"	0	1	0	1	0	0	1	1	1	1	0	0	0	1	1	1	1	0	0	1	1	0	0	0	1	0	1	0	1	"consensus_12012"	"Promoter"	20	50003494	50179370	175877	2	"4773"	"uc002xwe.4"	0	"ENSG00000101096"	"NFATC2"	"nuclear factor of activated T cells 2"	0.166666666666667	0.6	0.666666666666667	0.25	0.833333333333333
"9102"	"chr20"	62130138	62130765	628	"*"	0	1	0	1	0	0	1	1	1	1	0	0	1	1	1	1	1	0	1	1	1	0	0	1	1	1	1	0	1	"consensus_12120"	"Promoter"	20	62119365	62130668	11304	2	"1917"	"uc002yfe.2"	0	"ENSG00000101210"	"EEF1A2"	"eukaryotic translation elongation factor 1 alpha 2"	0.166666666666667	0.8	0.666666666666667	0.75	0.833333333333333
"9356"	"chr22"	22901530	22901890	361	"*"	0	0	0	1	0	0	1	1	1	1	0	0	1	1	1	1	1	0	1	1	1	0	1	1	1	1	1	0	1	"consensus_12480"	"Promoter"	22	22890123	22901550	11428	2	"23532"	"uc002zwg.3"	0	"ENSG00000185686"	"PRAME"	"preferentially expressed antigen in melanoma"	0.166666666666667	0.8	0.666666666666667	0.75	0.833333333333333
"9374"	"chr22"	24384069	24384913	845	"*"	0	0	0	1	1	0	1	0	1	1	1	0	1	1	1	1	1	0	0	1	1	0	1	1	1	1	1	0	1	"consensus_12501"	"Promoter"	22	24376139	24384284	8146	2	"2952"	"uc002zze.4"	0	"ENSG00000277656"	"GSTT1"	"glutathione S-transferase theta 1"	0.166666666666667	0.8	1	0.5	0.833333333333333
"9645"	"chr22"	50745402	50746124	723	"*"	0	1	0	1	0	0	1	1	0	1	0	0	0	1	1	1	1	0	0	1	1	0	0	0	1	1	1	0	1	"consensus_12866"	"Promoter"	22	50713408	50746001	32594	2	"23654"	"uc003bkv.4"	0	"ENSG00000196576"	"PLXNB2"	"plexin B2"	0.166666666666667	0.5	0.666666666666667	0.5	0.833333333333333
"9714"	"chr3"	12837918	12838851	934	"*"	0	1	0	1	0	0	1	1	1	1	0	0	1	1	1	1	1	0	1	1	1	0	0	1	0	1	1	0	1	"consensus_12970"	"Promoter"	3	12838171	12876313	38143	1	"23066"	"uc003bxj.2"	0	"ENSG00000144712"	"CAND2"	"cullin associated and neddylation dissociated 2 (putative)"	0.166666666666667	0.8	0.333333333333333	0.75	0.833333333333333
"9827"	"chr3"	42695376	42696220	845	"*"	0	1	0	1	0	0	1	1	1	1	0	0	1	1	1	1	1	0	0	1	1	0	0	0	1	1	1	0	1	"consensus_13124"	"Promoter"	3	42695176	42709072	13897	1	"92999"	"uc003clu.2"	200	"ENSG00000114853"	"ZBTB47"	"zinc finger and BTB domain containing 47"	0.166666666666667	0.7	0.666666666666667	0.5	0.833333333333333
"10494"	"chr4"	1107181	1107936	756	"*"	0	1	0	1	0	0	1	0	0	1	0	1	1	1	1	1	1	0	1	1	1	0	0	1	0	1	1	0	1	"consensus_14006"	"Promoter"	4	1065266	1107352	42087	2	"285498"	"uc003gci.3"	0	"ENSG00000178222"	"RNF212"	"ring finger protein 212"	0	0.8	0.333333333333333	0.75	0.833333333333333
"10538"	"chr4"	5709865	5710466	602	"*"	0	1	0	1	0	0	1	1	1	1	0	0	1	1	1	1	1	0	1	1	1	0	1	1	1	1	1	0	1	"consensus_14070"	"Promoter"	4	5564146	5710294	146149	2	"132884"	"uc003gij.3"	0	"ENSG00000173040"	"EVC2"	"EvC ciliary complex subunit 2"	0.166666666666667	0.9	0.666666666666667	0.75	0.833333333333333
"11090"	"chr5"	38556299	38557288	990	"*"	0	1	0	1	0	0	1	1	1	1	0	0	1	1	1	1	1	0	0	1	1	0	1	1	1	1	1	0	1	"consensus_14826"	"Promoter"	5	38475065	38556748	81684	2	"3977"	"uc010ive.1"	0	"ENSG00000113594"	"LIFR"	"LIF receptor subunit alpha"	0.166666666666667	0.9	0.666666666666667	0.5	0.833333333333333
"11336"	"chr5"	125930433	125931189	757	"*"	0	1	0	1	0	0	1	0	1	1	0	0	1	1	1	1	1	0	0	1	1	0	1	0	1	1	1	0	1	"consensus_15138"	"Promoter"	5	125877533	125931082	53550	2	"501"	"uc003ktx.3"	0	"ENSG00000164904"	"ALDH7A1"	"aldehyde dehydrogenase 7 family member A1"	0	0.8	0.666666666666667	0.5	0.833333333333333
"11398"	"chr5"	137070819	137072028	1210	"*"	0	1	0	1	0	0	1	1	0	1	0	0	1	1	1	1	1	0	1	1	1	0	1	1	0	1	1	0	1	"consensus_15226"	"Promoter"	5	136953189	137071779	118591	2	"26249"	"uc010jek.3"	0	"ENSG00000146021"	"KLHL3"	"kelch like family member 3"	0.166666666666667	0.8	0.333333333333333	0.75	0.833333333333333
"11527"	"chr5"	156886885	156887526	642	"*"	0	1	0	1	0	0	1	1	1	1	0	1	1	1	1	1	1	0	1	1	1	0	1	1	1	1	1	0	1	"consensus_15406"	"Promoter"	5	156887027	156901730	14704	1	"348938"	"uc003lwx.4"	0	"ENSG00000172548"	"NIPAL4"	"NIPA like domain containing 4"	0.166666666666667	1	0.666666666666667	0.75	0.833333333333333
"11575"	"chr5"	172359342	172359818	477	"*"	0	1	0	1	0	0	1	1	1	1	0	0	1	1	1	1	1	0	1	1	1	0	0	1	1	1	1	0	1	"consensus_15471"	"Promoter"	5	172360665	172379688	19024	1	"57222"	"uc003mca.4"	-847	"ENSG00000113719"	"ERGIC1"	"endoplasmic reticulum-golgi intermediate compartment 1"	0.166666666666667	0.8	0.666666666666667	0.75	0.833333333333333
"11804"	"chr6"	26501828	26502303	476	"*"	0	0	0	1	0	0	1	1	0	1	0	0	1	1	1	1	1	0	0	1	1	0	1	0	1	1	1	0	1	"consensus_15768"	"Promoter"	6	26501458	26510652	9195	1	"696"	"uc003nif.4"	370	"ENSG00000124557"	"BTN1A1"	"butyrophilin subfamily 1 member A1"	0.166666666666667	0.6	0.666666666666667	0.5	0.833333333333333
"11821"	"chr6"	27661464	27662354	891	"*"	0	0	0	1	0	1	1	1	1	1	0	0	1	1	1	1	1	0	1	1	1	0	0	1	1	1	1	0	1	"consensus_15788"	"Promoter"	6	27661814	27678001	16188	1	"100507173"	"uc021yrb.1"	0	"ENSG00000281706"	"LINC01012"	"long intergenic non-protein coding RNA 1012"	0.166666666666667	0.7	0.666666666666667	1	0.833333333333333
"11824"	"chr6"	27791434	27791987	554	"*"	0	0	0	0	1	0	1	0	0	1	0	0	0	0	1	1	1	0	0	1	1	1	1	0	1	0	1	0	0	"consensus_15791"	"Promoter"	6	27791903	27792258	356	1	"8363"	"uc003njp.3"	0	"ENSG00000197238"	"H4C11"	"H4 clustered histone 11"	0.166666666666667	0.2	1	0.25	0.833333333333333
"11841"	"chr6"	28192850	28193526	677	"*"	0	0	0	1	0	0	1	0	1	1	0	0	1	1	1	0	1	0	1	1	1	1	1	1	1	1	1	0	1	"consensus_15809"	"Promoter"	6	28193029	28201264	8236	1	"7746"	"uc003nkq.2"	0	"ENSG00000137185"	"ZSCAN9"	"zinc finger and SCAN domain containing 9"	0.166666666666667	0.8	0.666666666666667	0.5	0.833333333333333
"11904"	"chr6"	31543136	31543658	523	"*"	0	0	1	1	1	1	1	0	0	1	0	0	1	1	1	1	1	0	0	1	1	0	1	1	1	1	1	0	1	"consensus_15889"	"Promoter"	6	31543344	31546112	2769	1	"7124"	"uc003nui.4"	0	"ENSG00000232810"	"TNF"	"tumor necrosis factor"	0.166666666666667	0.7	1	0.75	0.833333333333333
"12077"	"chr6"	43043750	43044420	671	"*"	0	1	0	1	0	0	1	1	0	1	0	0	1	1	1	1	1	0	0	1	1	0	0	1	1	1	1	0	1	"consensus_16113"	"Promoter"	6	43044006	43101459	57454	1	"5754"	"uc003oua.4"	0	"ENSG00000112655"	"PTK7"	"protein tyrosine kinase 7 (inactive)"	0.166666666666667	0.7	0.666666666666667	0.5	0.833333333333333
"12111"	"chr6"	46458613	46459973	1361	"*"	0	1	0	1	0	0	1	1	0	0	0	0	1	1	1	0	1	0	0	1	1	0	0	1	1	1	1	0	0	"consensus_16152"	"Promoter"	6	46188467	46459060	270594	2	"10231"	"uc003oyc.2"	0	"ENSG00000172348"	"RCAN2"	"regulator of calcineurin 2"	0.166666666666667	0.5	0.666666666666667	0.25	0.833333333333333
"12474"	"chr7"	192086	192757	672	"*"	0	0	0	1	0	0	1	1	1	1	0	0	1	1	1	1	1	0	0	1	1	0	0	1	1	1	1	0	1	"consensus_16659"	"Promoter"	7	192969	300740	107772	1	"56975"	"uc003sip.3"	-212	"ENSG00000177706"	"FAM20C"	"FAM20C golgi associated secretory pathway kinase"	0.166666666666667	0.7	0.666666666666667	0.5	0.833333333333333
"12576"	"chr7"	23508596	23509585	990	"*"	0	0	0	1	0	0	1	1	0	1	0	0	1	1	1	0	1	0	1	1	1	0	1	1	1	1	1	0	1	"consensus_16826"	"Promoter"	7	23349828	23509995	160168	2	"10643"	"uc003swg.3"	410	"ENSG00000136231"	"IGF2BP3"	"insulin like growth factor 2 mRNA binding protein 3"	0.166666666666667	0.7	0.666666666666667	0.5	0.833333333333333
"12615"	"chr7"	30721668	30722494	827	"*"	0	0	0	1	0	0	1	1	1	1	0	0	1	1	1	1	1	0	0	1	1	0	1	1	1	1	1	0	1	"consensus_16881"	"Promoter"	7	30691559	30722141	30583	2	"1395"	"uc003tbn.3"	0	"ENSG00000106113"	"CRHR2"	"corticotropin releasing hormone receptor 2"	0.166666666666667	0.8	0.666666666666667	0.5	0.833333333333333
"12875"	"chr7"	99527028	99527586	559	"*"	0	1	0	1	0	1	1	1	0	1	0	0	1	1	1	1	1	0	0	1	1	0	0	1	1	1	1	0	1	"consensus_17237"	"Promoter"	7	99520892	99527243	6352	2	"349149"	"uc011kjd.2"	0	"ENSG00000176402"	"GJC3"	"gap junction protein gamma 3"	0.166666666666667	0.7	0.666666666666667	0.75	0.833333333333333
"13581"	"chr8"	125740504	125740949	446	"*"	0	0	0	1	0	0	1	0	0	0	0	0	1	1	1	1	1	0	1	1	1	0	0	0	0	1	1	0	1	"consensus_18217"	"Promoter"	8	125563028	125740730	177703	2	"9788"	"uc003yrj.2"	0	"ENSG00000170873"	"MTSS1"	"MTSS I-BAR domain containing 1"	0	0.4	0.333333333333333	0.75	0.833333333333333
"13660"	"chr8"	145064004	145064553	550	"*"	0	1	0	1	0	0	1	1	0	1	0	1	1	1	1	1	1	0	1	1	1	0	0	0	1	1	1	0	1	"consensus_18327"	"Promoter"	8	145064226	145067583	3358	1	"2907"	"uc003zan.1"	0	"ENSG00000178719"	"GRINA"	"glutamate ionotropic receptor NMDA type subunit associated protein 1"	0.166666666666667	0.7	0.666666666666667	0.75	0.833333333333333
"13785"	"chr9"	33403372	33403754	383	"*"	0	0	0	1	1	1	1	1	1	1	0	0	1	1	1	1	1	0	1	1	1	0	1	1	1	1	1	0	1	"consensus_18486"	"Promoter"	9	33385359	33402517	17159	2	"364"	"uc011loa.1"	-855	"ENSG00000165269"	"AQP7"	"aquaporin 7"	0.166666666666667	0.8	1	1	0.833333333333333
"13789"	"chr9"	33523393	33524369	977	"*"	0	1	0	1	0	0	1	1	1	1	0	1	1	1	1	1	1	0	1	1	1	0	1	1	1	1	1	0	1	"consensus_18491"	"Promoter"	9	33524411	33573001	48591	1	"441459"	"uc010mjw.2"	-42	"ENSG00000230453"	"ANKRD18B"	"ankyrin repeat domain 18B"	0.166666666666667	1	0.666666666666667	0.75	0.833333333333333
"13871"	"chr9"	77501952	77502685	734	"*"	0	1	0	1	0	0	1	1	0	1	0	0	1	1	1	1	1	0	1	1	1	0	1	0	1	1	1	0	1	"consensus_18609"	"Promoter"	9	77337411	77502263	164853	2	"140803"	"uc004ajk.1"	0	"ENSG00000119121"	"TRPM6"	"transient receptor potential cation channel subfamily M member 6"	0.166666666666667	0.7	0.666666666666667	0.75	0.833333333333333
"13904"	"chr9"	90340743	90341566	824	"*"	0	1	0	1	0	0	1	1	1	1	0	1	1	1	1	1	1	0	1	1	1	0	1	1	0	1	1	0	1	"consensus_18652"	"Promoter"	9	90340974	90346384	5411	1	"1514"	"uc004aph.3"	0	"ENSG00000135047"	"CTSL"	"cathepsin L"	0.166666666666667	1	0.333333333333333	0.75	0.833333333333333
"13932"	"chr9"	95946149	95946691	543	"*"	0	0	0	1	0	0	1	1	1	1	0	0	1	1	1	1	1	0	1	1	1	0	0	0	1	1	1	0	1	"consensus_18694"	"Promoter"	9	95947212	96021896	74685	1	"65268"	"uc010mrc.1"	-521	"ENSG00000165238"	"WNK2"	"WNK lysine deficient protein kinase 2"	0.166666666666667	0.6	0.666666666666667	0.75	0.833333333333333
"13981"	"chr9"	101553453	101553799	347	"*"	0	0	0	1	1	0	1	1	1	1	0	0	1	1	1	0	1	0	1	1	1	0	0	0	0	1	1	0	1	"consensus_18758"	"Promoter"	9	101493611	101552888	59278	2	"203286"	"uc004ayy.2"	-565	"ENSG00000165138"	"ANKS6"	"ankyrin repeat and sterile alpha motif domain containing 6"	0.166666666666667	0.6	0.666666666666667	0.5	0.833333333333333
"14240"	"chr9"	138986397	138987740	1344	"*"	0	0	0	1	0	0	1	1	0	1	0	0	1	1	1	0	1	0	1	1	1	0	0	1	1	1	1	0	1	"consensus_19098"	"Promoter"	9	138898383	138987131	88749	2	"138151"	"uc004cgv.4"	0	"ENSG00000148411"	"NACC2"	"NACC family member 2"	0.166666666666667	0.6	0.666666666666667	0.5	0.833333333333333
